{
  "metadata": {
    "instance_id": "W01",
    "week_dates": "2025-01-10|2025-01-14",
    "anonymized": true,
    "time_unit": "minutes",
    "distance_unit": "km",
    "volume_unit": "GMT"
  },
  "sets": {
    "forests": [
      "F1",
      "F2",
      "F3",
      "F4",
      "F5",
      "F6",
      "F7",
      "F8",
      "F9",
      "F10",
      "F11",
      "F12",
      "F13",
      "F14",
      "F15",
      "F16",
      "F17",
      "F18",
      "F19",
      "F20",
      "F21",
      "F22",
      "F23",
      "F24",
      "F25"
    ],
    "mills": [
      "M1",
      "M2",
      "M3",
      "M4",
      "M5",
      "M6",
      "M7",
      "M8",
      "M9",
      "M10",
      "M11"
    ],
    "products": [
      "P1",
      "P2",
      "P3"
    ],
    "vehicles": [
      "V1",
      "V2",
      "V3",
      "V4",
      "V5",
      "V6",
      "V7",
      "V8",
      "V9",
      "V10",
      "V11",
      "V12",
      "V13",
      "V14",
      "V15",
      "V16",
      "V17",
      "V18",
      "V19",
      "V20",
      "V21",
      "V22",
      "V23",
      "V24",
      "V25",
      "V26",
      "V27",
      "V28",
      "V29",
      "V30",
      "V31",
      "V32",
      "V33",
      "V34",
      "V35",
      "V36",
      "V37",
      "V38",
      "V39",
      "V40",
      "V41",
      "V42",
      "V43",
      "V44",
      "V45",
      "V46",
      "V47",
      "V48",
      "V49",
      "V50",
      "V51",
      "V52",
      "V53",
      "V54",
      "V55",
      "V56",
      "V57",
      "V58",
      "V59",
      "V60",
      "V61",
      "V62",
      "V63",
      "V64",
      "V65",
      "V66",
      "V67",
      "V68",
      "V69",
      "V70"
    ],
    "home_bases": [
      "HB1",
      "HB2",
      "HB3",
      "HB4",
      "HB5",
      "HB6",
      "HB7",
      "HB8",
      "HB9",
      "HB10",
      "HB11",
      "HB12",
      "HB13",
      "HB14",
      "HB15",
      "HB16",
      "HB17",
      "HB18",
      "HB19",
      "HB20",
      "HB21",
      "HB22",
      "HB23",
      "HB24",
      "HB25",
      "HB26",
      "HB27"
    ]
  },
  "cardinalities": {
    "num_forests": 25,
    "num_mills": 11,
    "num_products": 3,
    "num_vehicles": 70,
    "num_home_bases": 27
  },
  "vehicles_info": [
    {
      "id": "V1",
      "capacity_GMT": 40,
      "self_loading": false
    },
    {
      "id": "V2",
      "capacity_GMT": 40,
      "self_loading": false
    },
    {
      "id": "V3",
      "capacity_GMT": 35,
      "self_loading": false
    },
    {
      "id": "V4",
      "capacity_GMT": 35,
      "self_loading": false
    },
    {
      "id": "V5",
      "capacity_GMT": 40,
      "self_loading": false
    },
    {
      "id": "V6",
      "capacity_GMT": 35,
      "self_loading": false
    },
    {
      "id": "V7",
      "capacity_GMT": 35,
      "self_loading": false
    },
    {
      "id": "V8",
      "capacity_GMT": 35,
      "self_loading": false
    },
    {
      "id": "V9",
      "capacity_GMT": 35,
      "self_loading": false
    },
    {
      "id": "V10",
      "capacity_GMT": 40,
      "self_loading": false
    },
    {
      "id": "V11",
      "capacity_GMT": 40,
      "self_loading": false
    },
    {
      "id": "V12",
      "capacity_GMT": 40,
      "self_loading": false
    },
    {
      "id": "V13",
      "capacity_GMT": 40,
      "self_loading": false
    },
    {
      "id": "V14",
      "capacity_GMT": 35,
      "self_loading": false
    },
    {
      "id": "V15",
      "capacity_GMT": 35,
      "self_loading": false
    },
    {
      "id": "V16",
      "capacity_GMT": 35,
      "self_loading": false
    },
    {
      "id": "V17",
      "capacity_GMT": 40,
      "self_loading": false
    },
    {
      "id": "V18",
      "capacity_GMT": 40,
      "self_loading": false
    },
    {
      "id": "V19",
      "capacity_GMT": 35,
      "self_loading": false
    },
    {
      "id": "V20",
      "capacity_GMT": 40,
      "self_loading": false
    },
    {
      "id": "V21",
      "capacity_GMT": 35,
      "self_loading": false
    },
    {
      "id": "V22",
      "capacity_GMT": 40,
      "self_loading": false
    },
    {
      "id": "V23",
      "capacity_GMT": 40,
      "self_loading": false
    },
    {
      "id": "V24",
      "capacity_GMT": 40,
      "self_loading": false
    },
    {
      "id": "V25",
      "capacity_GMT": 35,
      "self_loading": false
    },
    {
      "id": "V26",
      "capacity_GMT": 40,
      "self_loading": false
    },
    {
      "id": "V27",
      "capacity_GMT": 40,
      "self_loading": false
    },
    {
      "id": "V28",
      "capacity_GMT": 35,
      "self_loading": false
    },
    {
      "id": "V29",
      "capacity_GMT": 40,
      "self_loading": false
    },
    {
      "id": "V30",
      "capacity_GMT": 40,
      "self_loading": false
    },
    {
      "id": "V31",
      "capacity_GMT": 40,
      "self_loading": false
    },
    {
      "id": "V32",
      "capacity_GMT": 40,
      "self_loading": false
    },
    {
      "id": "V33",
      "capacity_GMT": 35,
      "self_loading": false
    },
    {
      "id": "V34",
      "capacity_GMT": 35,
      "self_loading": false
    },
    {
      "id": "V35",
      "capacity_GMT": 40,
      "self_loading": false
    },
    {
      "id": "V36",
      "capacity_GMT": 40,
      "self_loading": false
    },
    {
      "id": "V37",
      "capacity_GMT": 40,
      "self_loading": false
    },
    {
      "id": "V38",
      "capacity_GMT": 40,
      "self_loading": false
    },
    {
      "id": "V39",
      "capacity_GMT": 40,
      "self_loading": false
    },
    {
      "id": "V40",
      "capacity_GMT": 35,
      "self_loading": false
    },
    {
      "id": "V41",
      "capacity_GMT": 35,
      "self_loading": false
    },
    {
      "id": "V42",
      "capacity_GMT": 35,
      "self_loading": false
    },
    {
      "id": "V43",
      "capacity_GMT": 40,
      "self_loading": false
    },
    {
      "id": "V44",
      "capacity_GMT": 40,
      "self_loading": false
    },
    {
      "id": "V45",
      "capacity_GMT": 35,
      "self_loading": false
    },
    {
      "id": "V46",
      "capacity_GMT": 40,
      "self_loading": false
    },
    {
      "id": "V47",
      "capacity_GMT": 40,
      "self_loading": false
    },
    {
      "id": "V48",
      "capacity_GMT": 40,
      "self_loading": false
    },
    {
      "id": "V49",
      "capacity_GMT": 35,
      "self_loading": false
    },
    {
      "id": "V50",
      "capacity_GMT": 35,
      "self_loading": false
    },
    {
      "id": "V51",
      "capacity_GMT": 35,
      "self_loading": false
    },
    {
      "id": "V52",
      "capacity_GMT": 40,
      "self_loading": false
    },
    {
      "id": "V53",
      "capacity_GMT": 35,
      "self_loading": false
    },
    {
      "id": "V54",
      "capacity_GMT": 40,
      "self_loading": false
    },
    {
      "id": "V55",
      "capacity_GMT": 35,
      "self_loading": false
    },
    {
      "id": "V56",
      "capacity_GMT": 40,
      "self_loading": false
    },
    {
      "id": "V57",
      "capacity_GMT": 40,
      "self_loading": false
    },
    {
      "id": "V58",
      "capacity_GMT": 40,
      "self_loading": false
    },
    {
      "id": "V59",
      "capacity_GMT": 35,
      "self_loading": false
    },
    {
      "id": "V60",
      "capacity_GMT": 35,
      "self_loading": false
    },
    {
      "id": "V61",
      "capacity_GMT": 40,
      "self_loading": false
    },
    {
      "id": "V62",
      "capacity_GMT": 40,
      "self_loading": false
    },
    {
      "id": "V63",
      "capacity_GMT": 40,
      "self_loading": false
    },
    {
      "id": "V64",
      "capacity_GMT": 35,
      "self_loading": false
    },
    {
      "id": "V65",
      "capacity_GMT": 40,
      "self_loading": false
    },
    {
      "id": "V66",
      "capacity_GMT": 35,
      "self_loading": false
    },
    {
      "id": "V67",
      "capacity_GMT": 35,
      "self_loading": false
    },
    {
      "id": "V68",
      "capacity_GMT": 35,
      "self_loading": false
    },
    {
      "id": "V69",
      "capacity_GMT": 35,
      "self_loading": false
    },
    {
      "id": "V70",
      "capacity_GMT": 35,
      "self_loading": false
    }
  ],
  "home_bases_info": [
    {
      "id": "HB1",
      "vehicles": [
        "V1",
        "V4",
        "V8",
        "V9",
        "V11"
      ]
    },
    {
      "id": "HB2",
      "vehicles": [
        "V2",
        "V42",
        "V43",
        "V49",
        "V50",
        "V51",
        "V52",
        "V53",
        "V64"
      ]
    },
    {
      "id": "HB3",
      "vehicles": [
        "V3"
      ]
    },
    {
      "id": "HB4",
      "vehicles": [
        "V5",
        "V22",
        "V23",
        "V26",
        "V27",
        "V29",
        "V31",
        "V33",
        "V38",
        "V39",
        "V41",
        "V46",
        "V47",
        "V48",
        "V55",
        "V56",
        "V59",
        "V63",
        "V66"
      ]
    },
    {
      "id": "HB5",
      "vehicles": [
        "V6"
      ]
    },
    {
      "id": "HB6",
      "vehicles": [
        "V7",
        "V37"
      ]
    },
    {
      "id": "HB7",
      "vehicles": [
        "V10"
      ]
    },
    {
      "id": "HB8",
      "vehicles": [
        "V12",
        "V13",
        "V15",
        "V17",
        "V21",
        "V62",
        "V69"
      ]
    },
    {
      "id": "HB9",
      "vehicles": [
        "V14",
        "V19"
      ]
    },
    {
      "id": "HB10",
      "vehicles": [
        "V16"
      ]
    },
    {
      "id": "HB11",
      "vehicles": [
        "V18",
        "V54"
      ]
    },
    {
      "id": "HB12",
      "vehicles": [
        "V20"
      ]
    },
    {
      "id": "HB13",
      "vehicles": [
        "V24"
      ]
    },
    {
      "id": "HB14",
      "vehicles": [
        "V25",
        "V45",
        "V68",
        "V70"
      ]
    },
    {
      "id": "HB15",
      "vehicles": [
        "V28"
      ]
    },
    {
      "id": "HB16",
      "vehicles": [
        "V30"
      ]
    },
    {
      "id": "HB17",
      "vehicles": [
        "V32"
      ]
    },
    {
      "id": "HB18",
      "vehicles": [
        "V34"
      ]
    },
    {
      "id": "HB19",
      "vehicles": [
        "V35"
      ]
    },
    {
      "id": "HB20",
      "vehicles": [
        "V36"
      ]
    },
    {
      "id": "HB21",
      "vehicles": [
        "V40"
      ]
    },
    {
      "id": "HB22",
      "vehicles": [
        "V44",
        "V57"
      ]
    },
    {
      "id": "HB23",
      "vehicles": [
        "V58"
      ]
    },
    {
      "id": "HB24",
      "vehicles": [
        "V60"
      ]
    },
    {
      "id": "HB25",
      "vehicles": [
        "V61"
      ]
    },
    {
      "id": "HB26",
      "vehicles": [
        "V65"
      ]
    },
    {
      "id": "HB27",
      "vehicles": [
        "V67"
      ]
    }
  ],
  "mills_info": [
    {
      "id": "M1",
      "interval_starts_min": [
        420,
        465,
        510,
        555,
        600,
        645,
        690,
        735,
        780,
        825,
        870,
        915,
        960,
        1005
      ],
      "interval_ends_min": [
        465,
        510,
        555,
        600,
        645,
        690,
        735,
        780,
        825,
        870,
        915,
        960,
        1005,
        1020
      ]
    },
    {
      "id": "M2",
      "interval_starts_min": [
        0,
        45,
        90,
        135,
        180,
        225,
        270,
        315,
        360,
        405,
        450,
        495,
        540,
        585,
        630,
        675,
        720,
        765,
        810,
        855,
        900,
        945,
        990,
        1035,
        1080,
        1125,
        1170,
        1215,
        1260,
        1305,
        1350,
        1395
      ],
      "interval_ends_min": [
        45,
        90,
        135,
        180,
        225,
        270,
        315,
        360,
        405,
        450,
        495,
        540,
        585,
        630,
        675,
        720,
        765,
        810,
        855,
        900,
        945,
        990,
        1035,
        1080,
        1125,
        1170,
        1215,
        1260,
        1305,
        1350,
        1395,
        1439
      ]
    },
    {
      "id": "M3",
      "interval_starts_min": [
        420,
        465,
        510,
        555,
        600,
        645,
        690,
        735,
        780,
        825,
        870,
        915,
        960,
        1005
      ],
      "interval_ends_min": [
        465,
        510,
        555,
        600,
        645,
        690,
        735,
        780,
        825,
        870,
        915,
        960,
        1005,
        1020
      ]
    },
    {
      "id": "M4",
      "interval_starts_min": [
        480,
        525,
        570,
        615,
        660,
        705,
        750,
        795,
        840,
        885,
        930,
        975
      ],
      "interval_ends_min": [
        525,
        570,
        615,
        660,
        705,
        750,
        795,
        840,
        885,
        930,
        975,
        1020
      ]
    },
    {
      "id": "M5",
      "interval_starts_min": [
        0,
        45,
        90,
        135,
        180,
        225,
        270,
        315,
        360,
        405,
        450,
        495,
        540,
        585,
        630,
        675,
        720,
        765,
        810,
        855,
        900,
        945,
        990,
        1035,
        1080,
        1125,
        1170,
        1215,
        1260,
        1305,
        1350,
        1395
      ],
      "interval_ends_min": [
        45,
        90,
        135,
        180,
        225,
        270,
        315,
        360,
        405,
        450,
        495,
        540,
        585,
        630,
        675,
        720,
        765,
        810,
        855,
        900,
        945,
        990,
        1035,
        1080,
        1125,
        1170,
        1215,
        1260,
        1305,
        1350,
        1395,
        1439
      ]
    },
    {
      "id": "M6",
      "interval_starts_min": [
        420,
        465,
        510,
        555,
        600,
        645,
        690,
        735,
        780,
        825,
        870,
        915
      ],
      "interval_ends_min": [
        465,
        510,
        555,
        600,
        645,
        690,
        735,
        780,
        825,
        870,
        915,
        960
      ]
    },
    {
      "id": "M7",
      "interval_starts_min": [
        420,
        465,
        510,
        555,
        600,
        645,
        690,
        735,
        780,
        825,
        870,
        915,
        960,
        1005
      ],
      "interval_ends_min": [
        465,
        510,
        555,
        600,
        645,
        690,
        735,
        780,
        825,
        870,
        915,
        960,
        1005,
        1020
      ]
    },
    {
      "id": "M8",
      "interval_starts_min": [
        360,
        405,
        450,
        495,
        540,
        585,
        630,
        675,
        720,
        765,
        810,
        855,
        900,
        945,
        990,
        1035
      ],
      "interval_ends_min": [
        405,
        450,
        495,
        540,
        585,
        630,
        675,
        720,
        765,
        810,
        855,
        900,
        945,
        990,
        1035,
        1080
      ]
    },
    {
      "id": "M9",
      "interval_starts_min": [
        480,
        525,
        570,
        615,
        660,
        705,
        750,
        795,
        840,
        885,
        930,
        975
      ],
      "interval_ends_min": [
        525,
        570,
        615,
        660,
        705,
        750,
        795,
        840,
        885,
        930,
        975,
        1020
      ]
    },
    {
      "id": "M10",
      "interval_starts_min": [
        480,
        525,
        570,
        615,
        660,
        705,
        750,
        795,
        840,
        885,
        930,
        975
      ],
      "interval_ends_min": [
        525,
        570,
        615,
        660,
        705,
        750,
        795,
        840,
        885,
        930,
        975,
        1020
      ]
    },
    {
      "id": "M11",
      "interval_starts_min": [
        420,
        465,
        510,
        555,
        600,
        645,
        690,
        735,
        780,
        825,
        870,
        915,
        960,
        1005
      ],
      "interval_ends_min": [
        465,
        510,
        555,
        600,
        645,
        690,
        735,
        780,
        825,
        870,
        915,
        960,
        1005,
        1020
      ]
    }
  ],
  "demand_d_mp": {
    "M1|P1": 240,
    "M1|P2": 0,
    "M1|P3": 90,
    "M2|P1": 0,
    "M2|P2": 2420,
    "M2|P3": 0,
    "M3|P1": 0,
    "M3|P2": 60,
    "M3|P3": 30,
    "M4|P1": 300,
    "M4|P2": 0,
    "M4|P3": 410,
    "M5|P1": 0,
    "M5|P2": 1120,
    "M5|P3": 0,
    "M6|P1": 520,
    "M6|P2": 0,
    "M6|P3": 0,
    "M7|P1": 0,
    "M7|P2": 260,
    "M7|P3": 0,
    "M8|P1": 0,
    "M8|P2": 310,
    "M8|P3": 0,
    "M9|P1": 0,
    "M9|P2": 160,
    "M9|P3": 0,
    "M10|P1": 0,
    "M10|P2": 190,
    "M10|P3": 0,
    "M11|P1": 0,
    "M11|P2": 0,
    "M11|P3": 30
  },
  "supply_s_fp": {
    "F1|P1": 40,
    "F1|P2": 490,
    "F1|P3": 0,
    "F2|P1": 0,
    "F2|P2": 290,
    "F2|P3": 40,
    "F3|P1": 40,
    "F3|P2": 260,
    "F3|P3": 30,
    "F4|P1": 0,
    "F4|P2": 390,
    "F4|P3": 50,
    "F5|P1": 0,
    "F5|P2": 130,
    "F5|P3": 0,
    "F6|P1": 170,
    "F6|P2": 620,
    "F6|P3": 330,
    "F7|P1": 0,
    "F7|P2": 150,
    "F7|P3": 0,
    "F8|P1": 170,
    "F8|P2": 280,
    "F8|P3": 0,
    "F9|P1": 0,
    "F9|P2": 600,
    "F9|P3": 0,
    "F10|P1": 40,
    "F10|P2": 0,
    "F10|P3": 0,
    "F11|P1": 150,
    "F11|P2": 30,
    "F11|P3": 0,
    "F12|P1": 0,
    "F12|P2": 30,
    "F12|P3": 0,
    "F13|P1": 80,
    "F13|P2": 40,
    "F13|P3": 90,
    "F14|P1": 80,
    "F14|P2": 150,
    "F14|P3": 0,
    "F15|P1": 90,
    "F15|P2": 420,
    "F15|P3": 0,
    "F16|P1": 0,
    "F16|P2": 40,
    "F16|P3": 0,
    "F17|P1": 40,
    "F17|P2": 420,
    "F17|P3": 0,
    "F18|P1": 40,
    "F18|P2": 60,
    "F18|P3": 0,
    "F19|P1": 40,
    "F19|P2": 0,
    "F19|P3": 0,
    "F20|P1": 0,
    "F20|P2": 0,
    "F20|P3": 30,
    "F21|P1": 50,
    "F21|P2": 0,
    "F21|P3": 0,
    "F22|P1": 40,
    "F22|P2": 30,
    "F22|P3": 0,
    "F23|P1": 0,
    "F23|P2": 30,
    "F23|P3": 0,
    "F24|P1": 0,
    "F24|P2": 30,
    "F24|P3": 0,
    "F25|P1": 0,
    "F25|P2": 30,
    "F25|P3": 0
  },
  "distance_matrices": {
    "mill_to_forest_km": [
      [
        139.5712211231795,
        141.50329738184124,
        143.99505409094706,
        123.88489838899787,
        135.76444690053438,
        87.33653402536112,
        135.76444690053438,
        211.95614896229327,
        216.1908526143442,
        81.55714889758264,
        209.28206459437777,
        157.0919309694297,
        120.1190338981002,
        135.23757395906858,
        85.72603999878643,
        141.60558026549646,
        59.364991310788106,
        206.51920380079108,
        161.50154916769094,
        120.1190338981002,
        158.06025455651584,
        209.28206459437777,
        90.03488730490504,
        38.183595826806744,
        115.42286731783425
      ],
      [
        30.42909900710064,
        26.457574412553413,
        176.4282456053965,
        50.53698341033447,
        212.6012981958135,
        177.75464678611922,
        212.6012981958135,
        232.81942812826495,
        91.33193820131332,
        165.39833724977228,
        238.78368269902427,
        193.04734478234053,
        41.09911638005602,
        210.05232384881435,
        175.1454484767609,
        218.35025230079506,
        82.66887251905199,
        236.7831103254573,
        20.410145496635547,
        41.09911638005602,
        17.29776036191876,
        238.78368269902427,
        177.78424505527764,
        176.2838561797487,
        199.13118961185643
      ],
      [
        174.00343670852428,
        174.73192029022584,
        101.56851473310275,
        133.2561994101381,
        81.82871598612878,
        34.19492139823262,
        81.82871598612878,
        165.82966568376682,
        224.01988914847254,
        32.738186169972735,
        161.12998901632733,
        111.52040005043607,
        134.27045451331142,
        81.63150528717395,
        33.18830387630631,
        87.48155209382716,
        87.80792865727895,
        158.33960975426325,
        186.30398602677425,
        134.27045451331142,
        183.77883078376607,
        161.12998901632733,
        37.33180391154452,
        39.45490248706915,
        61.35849211748347
      ],
      [
        106.5200165808413,
        107.02735886004382,
        115.08392755452012,
        72.81214944587352,
        128.60158897260564,
        85.15965510823976,
        128.60158897260564,
        183.24689255362702,
        165.6516903946655,
        73.90637645860784,
        183.72167496036332,
        130.89118456204588,
        70.61363832971891,
        126.86009533338195,
        82.65580994223653,
        134.7613065163506,
        22.069784452600384,
        181.12458262760484,
        119.05772615709091,
        70.61363832971891,
        116.32034690858386,
        183.72167496036332,
        86.18481036854894,
        80.29738477218937,
        111.03750766371157
      ],
      [
        236.09442590327484,
        235.98158111072405,
        85.20273431640123,
        179.83937374046118,
        29.158396563116323,
        45.94548288822738,
        29.158396563116323,
        125.56833904656776,
        260.4820938619896,
        57.782629040340176,
        115.94631829750718,
        83.36742947224569,
        184.65225638656534,
        31.95804794038401,
        48.491285000786505,
        30.318570719526672,
        152.93721524488072,
        113.40106333050964,
        240.7437934438321,
        184.65225638656534,
        239.0833527910905,
        115.94631829750718,
        45.28241356039009,
        101.45734887198891,
        25.896383510612907
      ],
      [
        252.8372155597514,
        251.58982208110314,
        59.094754104364775,
        183.8063184971091,
        38.92016740548801,
        85.51279796836168,
        38.92016740548801,
        65.2932496015007,
        247.56396178048934,
        91.11699682384238,
        53.92434922976564,
        45.310114515378494,
        191.84733959565477,
        38.340629933431096,
        86.8672740910572,
        34.54456798361349,
        180.0317574481888,
        51.61182409006507,
        247.6759396583177,
        191.84733959565477,
        247.12062102857448,
        53.92434922976564,
        82.57954835010183,
        156.1142234842802,
        58.84636406636532
      ],
      [
        110.18182511195405,
        106.67470376230999,
        253.43086145609297,
        135.47381774741936,
        300.15970041874647,
        272.40013840500495,
        300.15970041874647,
        294.76894220137007,
        75.84712195513886,
        259.9553302356958,
        304.21098081797334,
        268.4023116567704,
        132.14293086762575,
        297.2261005560678,
        269.8329471567801,
        305.3249762695098,
        184.56721050909147,
        302.853626626833,
        81.5993069633702,
        132.14293086762575,
        85.06056483710596,
        304.21098081797334,
        271.82919044084434,
        278.14810009070794,
        290.0318874264701
      ],
      [
        199.6548142347474,
        196.81763189205367,
        57.32434702623593,
        123.06149144884947,
        114.33481826255664,
        126.65624927414,
        114.33481826255664,
        66.39348189958639,
        156.26482490022494,
        120.776299221494,
        76.7947455578725,
        60.7613732055694,
        134.20088295729877,
        111.13308535734248,
        125.65117103476486,
        116.03067066684743,
        157.6168637948515,
        75.83454619907184,
        180.59221486537493,
        134.20088295729877,
        181.6727060315181,
        76.7947455578725,
        123.5301658240358,
        189.80311064335038,
        119.83307826675652
      ],
      [
        172.70503850306835,
        173.48002249044038,
        103.30154048680652,
        132.82078117270112,
        84.02393251248739,
        36.34132994615496,
        84.02393251248739,
        167.78105965258257,
        223.82520703017263,
        34.57812095148869,
        163.15620570704385,
        113.41003332465675,
        133.65181989664495,
        83.81999791679064,
        35.29667031337893,
        89.67944945952439,
        86.45736744983188,
        160.36582156288935,
        185.39071725495853,
        133.65181989664495,
        182.82651906065166,
        163.15620570704385,
        39.4588800975926,
        37.65895114565079,
        63.55421640755344
      ],
      [
        252.09269163424236,
        250.84343091231685,
        58.35797087461912,
        183.05321240610647,
        38.52380954801742,
        84.97758573632042,
        38.52380954801742,
        65.15011918270139,
        246.8495083642996,
        90.51910181198515,
        53.88447775166406,
        44.61590837113373,
        191.0948458947095,
        37.89148000864342,
        86.31846521888174,
        34.2279644690061,
        179.32943334034096,
        51.54993561003096,
        246.9228305022102,
        191.0948458947095,
        246.36760680359373,
        53.88447775166406,
        82.03343084083598,
        155.65631053247762,
        58.38725164273634
      ],
      [
        151.3095314026719,
        152.71370914481636,
        126.0142375635606,
        124.40079380692542,
        114.48734839364835,
        66.13206548320713,
        114.48734839364835,
        193.14983696754814,
        217.25069217835704,
        61.10303147282679,
        189.81763238245216,
        138.24461347585432,
        122.57918158556394,
        114.04076053685469,
        64.62093221947192,
        120.28679421635327,
        66.33608510676225,
        187.0398332713098,
        169.1767835363129,
        122.57918158556394,
        166.0996743001145,
        189.81763238245216,
        68.92390699043362,
        28.348305177693426,
        94.09878080091431
      ]
    ],
    "forest_to_mill_km": [
      [
        139.5712211231795,
        30.42909900710064,
        174.00343670852428,
        106.5200165808413,
        236.09442590327484,
        252.8372155597514,
        110.18182511195405,
        199.6548142347474,
        172.70503850306835,
        252.09269163424236,
        151.3095314026719
      ],
      [
        141.50329738184124,
        26.457574412553413,
        174.73192029022584,
        107.02735886004382,
        235.98158111072405,
        251.58982208110314,
        106.67470376230999,
        196.81763189205367,
        173.48002249044038,
        250.84343091231685,
        152.71370914481636
      ],
      [
        143.99505409094706,
        176.4282456053965,
        101.56851473310275,
        115.08392755452012,
        85.20273431640123,
        59.094754104364775,
        253.43086145609297,
        57.32434702623593,
        103.30154048680652,
        58.35797087461912,
        126.0142375635606
      ],
      [
        123.88489838899787,
        50.53698341033447,
        133.2561994101381,
        72.81214944587352,
        179.83937374046118,
        183.8063184971091,
        135.47381774741936,
        123.06149144884947,
        132.82078117270112,
        183.05321240610647,
        124.40079380692542
      ],
      [
        135.76444690053438,
        212.6012981958135,
        81.82871598612878,
        128.60158897260564,
        29.158396563116323,
        38.92016740548801,
        300.15970041874647,
        114.33481826255664,
        84.02393251248739,
        38.52380954801742,
        114.48734839364835
      ],
      [
        87.33653402536112,
        177.75464678611922,
        34.19492139823262,
        85.15965510823976,
        45.94548288822738,
        85.51279796836168,
        272.40013840500495,
        126.65624927414,
        36.34132994615496,
        84.97758573632042,
        66.13206548320713
      ],
      [
        135.76444690053438,
        212.6012981958135,
        81.82871598612878,
        128.60158897260564,
        29.158396563116323,
        38.92016740548801,
        300.15970041874647,
        114.33481826255664,
        84.02393251248739,
        38.52380954801742,
        114.48734839364835
      ],
      [
        211.95614896229327,
        232.81942812826495,
        165.82966568376682,
        183.24689255362702,
        125.56833904656776,
        65.2932496015007,
        294.76894220137007,
        66.39348189958639,
        167.78105965258257,
        65.15011918270139,
        193.14983696754814
      ],
      [
        216.1908526143442,
        91.33193820131332,
        224.01988914847254,
        165.6516903946655,
        260.4820938619896,
        247.56396178048934,
        75.84712195513886,
        156.26482490022494,
        223.82520703017263,
        246.8495083642996,
        217.25069217835704
      ],
      [
        81.55714889758264,
        165.39833724977228,
        32.738186169972735,
        73.90637645860784,
        57.782629040340176,
        91.11699682384238,
        259.9553302356958,
        120.776299221494,
        34.57812095148869,
        90.51910181198515,
        61.10303147282679
      ],
      [
        209.28206459437777,
        238.78368269902427,
        161.12998901632733,
        183.72167496036332,
        115.94631829750718,
        53.92434922976564,
        304.21098081797334,
        76.7947455578725,
        163.15620570704385,
        53.88447775166406,
        189.81763238245216
      ],
      [
        157.0919309694297,
        193.04734478234053,
        111.52040005043607,
        130.89118456204588,
        83.36742947224569,
        45.310114515378494,
        268.4023116567704,
        60.7613732055694,
        113.41003332465675,
        44.61590837113373,
        138.24461347585432
      ],
      [
        120.1190338981002,
        41.09911638005602,
        134.27045451331142,
        70.61363832971891,
        184.65225638656534,
        191.84733959565477,
        132.14293086762575,
        134.20088295729877,
        133.65181989664495,
        191.0948458947095,
        122.57918158556394
      ],
      [
        135.23757395906858,
        210.05232384881435,
        81.63150528717395,
        126.86009533338195,
        31.95804794038401,
        38.340629933431096,
        297.2261005560678,
        111.13308535734248,
        83.81999791679064,
        37.89148000864342,
        114.04076053685469
      ],
      [
        85.72603999878643,
        175.1454484767609,
        33.18830387630631,
        82.65580994223653,
        48.491285000786505,
        86.8672740910572,
        269.8329471567801,
        125.65117103476486,
        35.29667031337893,
        86.31846521888174,
        64.62093221947192
      ],
      [
        141.60558026549646,
        218.35025230079506,
        87.48155209382716,
        134.7613065163506,
        30.318570719526672,
        34.54456798361349,
        305.3249762695098,
        116.03067066684743,
        89.67944945952439,
        34.2279644690061,
        120.28679421635327
      ],
      [
        59.364991310788106,
        82.66887251905199,
        87.80792865727895,
        22.069784452600384,
        152.93721524488072,
        180.0317574481888,
        184.56721050909147,
        157.6168637948515,
        86.45736744983188,
        179.32943334034096,
        66.33608510676225
      ],
      [
        206.51920380079108,
        236.7831103254573,
        158.33960975426325,
        181.12458262760484,
        113.40106333050964,
        51.61182409006507,
        302.853626626833,
        75.83454619907184,
        160.36582156288935,
        51.54993561003096,
        187.0398332713098
      ],
      [
        161.50154916769094,
        20.410145496635547,
        186.30398602677425,
        119.05772615709091,
        240.7437934438321,
        247.6759396583177,
        81.5993069633702,
        180.59221486537493,
        185.39071725495853,
        246.9228305022102,
        169.1767835363129
      ],
      [
        120.1190338981002,
        41.09911638005602,
        134.27045451331142,
        70.61363832971891,
        184.65225638656534,
        191.84733959565477,
        132.14293086762575,
        134.20088295729877,
        133.65181989664495,
        191.0948458947095,
        122.57918158556394
      ],
      [
        158.06025455651584,
        17.29776036191876,
        183.77883078376607,
        116.32034690858386,
        239.0833527910905,
        247.12062102857448,
        85.06056483710596,
        181.6727060315181,
        182.82651906065166,
        246.36760680359373,
        166.0996743001145
      ],
      [
        209.28206459437777,
        238.78368269902427,
        161.12998901632733,
        183.72167496036332,
        115.94631829750718,
        53.92434922976564,
        304.21098081797334,
        76.7947455578725,
        163.15620570704385,
        53.88447775166406,
        189.81763238245216
      ],
      [
        90.03488730490504,
        177.78424505527764,
        37.33180391154452,
        86.18481036854894,
        45.28241356039009,
        82.57954835010183,
        271.82919044084434,
        123.5301658240358,
        39.4588800975926,
        82.03343084083598,
        68.92390699043362
      ],
      [
        38.183595826806744,
        176.2838561797487,
        39.45490248706915,
        80.29738477218937,
        101.45734887198891,
        156.1142234842802,
        278.14810009070794,
        189.80311064335038,
        37.65895114565079,
        155.65631053247762,
        28.348305177693426
      ],
      [
        115.42286731783425,
        199.13118961185643,
        61.35849211748347,
        111.03750766371157,
        25.896383510612907,
        58.84636406636532,
        290.0318874264701,
        119.83307826675652,
        63.55421640755344,
        58.38725164273634,
        94.09878080091431
      ]
    ],
    "mill_to_homebase_km": [
      [
        135.89392934475853,
        21.310209960574518,
        113.39228874003462,
        21.310209960574518,
        126.25186150915731,
        177.6838721796862,
        141.13555812719113,
        184.67759948976322,
        202.61104959797692,
        111.26234357691324,
        54.0381161522299,
        186.219781606931,
        21.310209960574518,
        177.08370537202492,
        141.13555812719113,
        186.79369516527433,
        167.78710888467563,
        114.46301084139026,
        141.14200795526287,
        90.42315666759943,
        137.12081349536632,
        54.0381161522299,
        43.90535802892076,
        135.89392934475853,
        35.84801873215514,
        233.5179177113947,
        66.9047255441575
      ],
      [
        29.859669746896916,
        121.16454981143066,
        152.03216737608378,
        121.16454981143066,
        219.39926222954497,
        214.62513384889496,
        225.28943394586008,
        207.61893641121944,
        96.10524196691382,
        214.16391917690783,
        166.77440839650757,
        208.96577191803235,
        121.16454981143066,
        36.11636802283669,
        225.28943394586008,
        175.13900654208592,
        124.65533423209042,
        193.18453845759822,
        78.8163361071702,
        193.18169850899082,
        20.355484034812935,
        166.77440839650757,
        180.42112138611577,
        29.859669746896916,
        171.77417903023914,
        262.20345975687854,
        181.36748192125214
      ],
      [
        170.30623787316173,
        58.506313473535194,
        75.99742849143098,
        58.506313473535194,
        71.50864717754143,
        129.7662607612333,
        86.40569305597465,
        140.10371395813465,
        203.31061494563474,
        57.35856201116732,
        1.1229916608538464,
        141.55926985866108,
        58.506313473535194,
        200.12074307740508,
        86.40569305597465,
        153.38967422149219,
        149.6748291758967,
        61.408867487286244,
        138.27647719997907,
        35.81391333878683,
        168.80153259699134,
        1.1229916608538464,
        76.99920712662122,
        170.30623787316173,
        73.54852860851109,
        184.39066110812354,
        15.117068802544216
      ],
      [
        102.85546908363186,
        31.34296272746293,
        83.36319348587774,
        31.34296272746293,
        128.69013558586948,
        153.40020170919627,
        138.6554342580973,
        155.23321695834892,
        150.709664308033,
        119.76399908650434,
        68.04927428814096,
        156.79873809064273,
        31.34296272746293,
        133.4498538918508,
        138.6554342580973,
        146.18327438641242,
        119.07561400338317,
        106.83899056186216,
        89.1841687577446,
        97.77457302549654,
        100.94829411621278,
        68.04927428814096,
        95.98233267556277,
        102.85546908363186,
        87.83115517462258,
        208.6805352668468,
        82.94235330678788
      ],
      [
        232.53928123382488,
        129.69159675290754,
        83.04001250806691,
        129.69159675290754,
        5.0206296655291185,
        90.0447383032015,
        20.980625405612898,
        107.70482606835631,
        233.64899631218108,
        16.757574082491143,
        72.79631558566805,
        108.66781589941147,
        129.69159675290754,
        252.35266820718047,
        20.980625405612898,
        142.51607816517011,
        163.65418851806191,
        33.28147633608896,
        172.50838524256866,
        36.321098039761125,
        229.27107278468878,
        72.79631558566805,
        139.53345620541518,
        232.53928123382488,
        138.82276612218502,
        134.3311525609394,
        60.17161416319093
      ],
      [
        249.6710671158055,
        168.64718827886935,
        81.08976388857596,
        168.64718827886935,
        59.752175296642875,
        35.725510123616985,
        42.39528538039424,
        55.55750714416181,
        216.91632082445216,
        78.12674932445991,
        120.57364414950268,
        55.86933013973145,
        168.64718827886935,
        256.0773700368751,
        42.39528538039424,
        101.81699160064025,
        140.49700872444086,
        58.20522544128225,
        165.8693018460847,
        88.88754042214934,
        244.2379608365972,
        120.57364414950268,
        194.9222340062562,
        249.6710671158055,
        192.54318909557765,
        71.0040912646588,
        112.77335413814411
      ],
      [
        113.22830521468617,
        223.14649029128196,
        236.50504694482447,
        223.14649029128196,
        311.239876013428,
        286.93966227050487,
        314.01297803638636,
        274.64404350274646,
        107.39106493314563,
        308.91674876464157,
        266.2463626124121,
        275.6653643717727,
        223.14649029128196,
        66.34162245651662,
        314.01297803638636,
        231.00645351408323,
        178.6414170743816,
        283.30331739295514,
        146.7356951074265,
        289.22720238320125,
        108.66668327636073,
        266.2463626124121,
        281.68747948574537,
        113.22830521468617,
        273.0850125612664,
        324.25322246528685,
        280.2920584842949
