{
  "metadata": {
    "instance_id": "W03",
    "week_dates": "2024-12-30|2025-01-04",
    "anonymized": true,
    "time_unit": "minutes",
    "distance_unit": "km",
    "volume_unit": "GMT"
  },
  "sets": {
    "forests": [
      "F1",
      "F2",
      "F3",
      "F4",
      "F5",
      "F6",
      "F7",
      "F8",
      "F9",
      "F10",
      "F11",
      "F12",
      "F13",
      "F14",
      "F15",
      "F16",
      "F17",
      "F18",
      "F19",
      "F20",
      "F21",
      "F22",
      "F23",
      "F24"
    ],
    "mills": [
      "M1",
      "M2",
      "M3",
      "M4",
      "M5",
      "M6",
      "M7",
      "M8",
      "M9",
      "M10",
      "M11",
      "M12",
      "M13"
    ],
    "products": [
      "P1",
      "P2",
      "P3"
    ],
    "vehicles": [
      "V1",
      "V2",
      "V3",
      "V4",
      "V5",
      "V6",
      "V7",
      "V8",
      "V9",
      "V10",
      "V11",
      "V12",
      "V13",
      "V14",
      "V15",
      "V16",
      "V17",
      "V18",
      "V19",
      "V20",
      "V21",
      "V22",
      "V23",
      "V24",
      "V25",
      "V26",
      "V27",
      "V28",
      "V29",
      "V30",
      "V31",
      "V32",
      "V33",
      "V34",
      "V35",
      "V36",
      "V37",
      "V38",
      "V39",
      "V40",
      "V41",
      "V42",
      "V43",
      "V44",
      "V45",
      "V46",
      "V47",
      "V48",
      "V49",
      "V50",
      "V51",
      "V52",
      "V53",
      "V54",
      "V55",
      "V56",
      "V57",
      "V58",
      "V59",
      "V60"
    ],
    "home_bases": [
      "HB1",
      "HB2",
      "HB3",
      "HB4",
      "HB5",
      "HB6",
      "HB7",
      "HB8",
      "HB9",
      "HB10",
      "HB11",
      "HB12",
      "HB13",
      "HB14",
      "HB15",
      "HB16",
      "HB17",
      "HB18",
      "HB19"
    ]
  },
  "cardinalities": {
    "num_forests": 24,
    "num_mills": 13,
    "num_products": 3,
    "num_vehicles": 60,
    "num_home_bases": 19
  },
  "vehicles_info": [
    {
      "id": "V1",
      "capacity_GMT": 40,
      "self_loading": false
    },
    {
      "id": "V2",
      "capacity_GMT": 40,
      "self_loading": false
    },
    {
      "id": "V3",
      "capacity_GMT": 40,
      "self_loading": false
    },
    {
      "id": "V4",
      "capacity_GMT": 35,
      "self_loading": false
    },
    {
      "id": "V5",
      "capacity_GMT": 40,
      "self_loading": false
    },
    {
      "id": "V6",
      "capacity_GMT": 35,
      "self_loading": false
    },
    {
      "id": "V7",
      "capacity_GMT": 40,
      "self_loading": false
    },
    {
      "id": "V8",
      "capacity_GMT": 40,
      "self_loading": false
    },
    {
      "id": "V9",
      "capacity_GMT": 40,
      "self_loading": false
    },
    {
      "id": "V10",
      "capacity_GMT": 40,
      "self_loading": false
    },
    {
      "id": "V11",
      "capacity_GMT": 40,
      "self_loading": false
    },
    {
      "id": "V12",
      "capacity_GMT": 40,
      "self_loading": false
    },
    {
      "id": "V13",
      "capacity_GMT": 35,
      "self_loading": false
    },
    {
      "id": "V14",
      "capacity_GMT": 40,
      "self_loading": false
    },
    {
      "id": "V15",
      "capacity_GMT": 35,
      "self_loading": false
    },
    {
      "id": "V16",
      "capacity_GMT": 40,
      "self_loading": false
    },
    {
      "id": "V17",
      "capacity_GMT": 40,
      "self_loading": false
    },
    {
      "id": "V18",
      "capacity_GMT": 40,
      "self_loading": false
    },
    {
      "id": "V19",
      "capacity_GMT": 40,
      "self_loading": false
    },
    {
      "id": "V20",
      "capacity_GMT": 35,
      "self_loading": false
    },
    {
      "id": "V21",
      "capacity_GMT": 40,
      "self_loading": false
    },
    {
      "id": "V22",
      "capacity_GMT": 35,
      "self_loading": false
    },
    {
      "id": "V23",
      "capacity_GMT": 40,
      "self_loading": false
    },
    {
      "id": "V24",
      "capacity_GMT": 35,
      "self_loading": false
    },
    {
      "id": "V25",
      "capacity_GMT": 35,
      "self_loading": false
    },
    {
      "id": "V26",
      "capacity_GMT": 35,
      "self_loading": false
    },
    {
      "id": "V27",
      "capacity_GMT": 40,
      "self_loading": false
    },
    {
      "id": "V28",
      "capacity_GMT": 40,
      "self_loading": false
    },
    {
      "id": "V29",
      "capacity_GMT": 40,
      "self_loading": false
    },
    {
      "id": "V30",
      "capacity_GMT": 40,
      "self_loading": false
    },
    {
      "id": "V31",
      "capacity_GMT": 40,
      "self_loading": false
    },
    {
      "id": "V32",
      "capacity_GMT": 35,
      "self_loading": false
    },
    {
      "id": "V33",
      "capacity_GMT": 35,
      "self_loading": false
    },
    {
      "id": "V34",
      "capacity_GMT": 40,
      "self_loading": false
    },
    {
      "id": "V35",
      "capacity_GMT": 35,
      "self_loading": false
    },
    {
      "id": "V36",
      "capacity_GMT": 40,
      "self_loading": false
    },
    {
      "id": "V37",
      "capacity_GMT": 40,
      "self_loading": false
    },
    {
      "id": "V38",
      "capacity_GMT": 40,
      "self_loading": false
    },
    {
      "id": "V39",
      "capacity_GMT": 40,
      "self_loading": false
    },
    {
      "id": "V40",
      "capacity_GMT": 40,
      "self_loading": false
    },
    {
      "id": "V41",
      "capacity_GMT": 40,
      "self_loading": false
    },
    {
      "id": "V42",
      "capacity_GMT": 40,
      "self_loading": false
    },
    {
      "id": "V43",
      "capacity_GMT": 40,
      "self_loading": false
    },
    {
      "id": "V44",
      "capacity_GMT": 35,
      "self_loading": false
    },
    {
      "id": "V45",
      "capacity_GMT": 40,
      "self_loading": false
    },
    {
      "id": "V46",
      "capacity_GMT": 40,
      "self_loading": false
    },
    {
      "id": "V47",
      "capacity_GMT": 40,
      "self_loading": false
    },
    {
      "id": "V48",
      "capacity_GMT": 40,
      "self_loading": false
    },
    {
      "id": "V49",
      "capacity_GMT": 40,
      "self_loading": false
    },
    {
      "id": "V50",
      "capacity_GMT": 40,
      "self_loading": false
    },
    {
      "id": "V51",
      "capacity_GMT": 35,
      "self_loading": false
    },
    {
      "id": "V52",
      "capacity_GMT": 35,
      "self_loading": false
    },
    {
      "id": "V53",
      "capacity_GMT": 35,
      "self_loading": false
    },
    {
      "id": "V54",
      "capacity_GMT": 40,
      "self_loading": false
    },
    {
      "id": "V55",
      "capacity_GMT": 40,
      "self_loading": false
    },
    {
      "id": "V56",
      "capacity_GMT": 35,
      "self_loading": false
    },
    {
      "id": "V57",
      "capacity_GMT": 35,
      "self_loading": false
    },
    {
      "id": "V58",
      "capacity_GMT": 40,
      "self_loading": false
    },
    {
      "id": "V59",
      "capacity_GMT": 40,
      "self_loading": false
    },
    {
      "id": "V60",
      "capacity_GMT": 35,
      "self_loading": false
    }
  ],
  "home_bases_info": [
    {
      "id": "HB1",
      "vehicles": [
        "V1",
        "V2",
        "V4",
        "V5",
        "V6",
        "V8",
        "V9",
        "V13",
        "V15",
        "V20",
        "V25"
      ]
    },
    {
      "id": "HB2",
      "vehicles": [
        "V3",
        "V21"
      ]
    },
    {
      "id": "HB3",
      "vehicles": [
        "V7",
        "V10",
        "V12",
        "V24",
        "V27",
        "V29",
        "V32",
        "V34",
        "V53"
      ]
    },
    {
      "id": "HB4",
      "vehicles": [
        "V11"
      ]
    },
    {
      "id": "HB5",
      "vehicles": [
        "V14"
      ]
    },
    {
      "id": "HB6",
      "vehicles": [
        "V16"
      ]
    },
    {
      "id": "HB7",
      "vehicles": [
        "V17",
        "V18",
        "V22",
        "V26",
        "V33"
      ]
    },
    {
      "id": "HB8",
      "vehicles": [
        "V19"
      ]
    },
    {
      "id": "HB9",
      "vehicles": [
        "V23"
      ]
    },
    {
      "id": "HB10",
      "vehicles": [
        "V28"
      ]
    },
    {
      "id": "HB11",
      "vehicles": [
        "V30",
        "V36",
        "V37",
        "V38",
        "V39",
        "V40",
        "V41",
        "V42",
        "V43",
        "V44",
        "V45",
        "V46",
        "V47",
        "V50",
        "V56",
        "V60"
      ]
    },
    {
      "id": "HB12",
      "vehicles": [
        "V31"
      ]
    },
    {
      "id": "HB13",
      "vehicles": [
        "V35",
        "V59"
      ]
    },
    {
      "id": "HB14",
      "vehicles": [
        "V48",
        "V49"
      ]
    },
    {
      "id": "HB15",
      "vehicles": [
        "V51",
        "V52"
      ]
    },
    {
      "id": "HB16",
      "vehicles": [
        "V54"
      ]
    },
    {
      "id": "HB17",
      "vehicles": [
        "V55"
      ]
    },
    {
      "id": "HB18",
      "vehicles": [
        "V57"
      ]
    },
    {
      "id": "HB19",
      "vehicles": [
        "V58"
      ]
    }
  ],
  "mills_info": [
    {
      "id": "M1",
      "interval_starts_min": [
        480,
        525,
        570,
        615,
        660,
        705,
        750,
        795,
        840,
        885,
        930,
        975
      ],
      "interval_ends_min": [
        525,
        570,
        615,
        660,
        705,
        750,
        795,
        840,
        885,
        930,
        975,
        1020
      ]
    },
    {
      "id": "M2",
      "interval_starts_min": [
        420,
        465,
        510,
        555,
        600,
        645,
        690,
        735,
        780,
        825,
        870,
        915,
        960,
        1005
      ],
      "interval_ends_min": [
        465,
        510,
        555,
        600,
        645,
        690,
        735,
        780,
        825,
        870,
        915,
        960,
        1005,
        1020
      ]
    },
    {
      "id": "M3",
      "interval_starts_min": [
        0,
        45,
        90,
        135,
        180,
        225,
        270,
        315,
        360,
        405,
        450,
        495,
        540,
        585,
        630,
        675,
        720,
        765,
        810,
        855,
        900,
        945,
        990,
        1035,
        1080,
        1125,
        1170,
        1215,
        1260,
        1305,
        1350,
        1395
      ],
      "interval_ends_min": [
        45,
        90,
        135,
        180,
        225,
        270,
        315,
        360,
        405,
        450,
        495,
        540,
        585,
        630,
        675,
        720,
        765,
        810,
        855,
        900,
        945,
        990,
        1035,
        1080,
        1125,
        1170,
        1215,
        1260,
        1305,
        1350,
        1395,
        1439
      ]
    },
    {
      "id": "M4",
      "interval_starts_min": [
        420,
        465,
        510,
        555,
        600,
        645,
        690,
        735,
        780,
        825,
        870,
        915,
        960,
        1005
      ],
      "interval_ends_min": [
        465,
        510,
        555,
        600,
        645,
        690,
        735,
        780,
        825,
        870,
        915,
        960,
        1005,
        1020
      ]
    },
    {
      "id": "M5",
      "interval_starts_min": [
        420,
        465,
        510,
        555,
        600,
        645,
        690,
        735,
        780,
        825,
        870,
        915,
        960,
        1005
      ],
      "interval_ends_min": [
        465,
        510,
        555,
        600,
        645,
        690,
        735,
        780,
        825,
        870,
        915,
        960,
        1005,
        1020
      ]
    },
    {
      "id": "M6",
      "interval_starts_min": [
        420,
        465,
        510,
        555,
        600,
        645,
        690,
        735,
        780,
        825,
        870,
        915
      ],
      "interval_ends_min": [
        465,
        510,
        555,
        600,
        645,
        690,
        735,
        780,
        825,
        870,
        915,
        960
      ]
    },
    {
      "id": "M7",
      "interval_starts_min": [
        480,
        525,
        570,
        615,
        660,
        705,
        750,
        795,
        840,
        885,
        930,
        975
      ],
      "interval_ends_min": [
        525,
        570,
        615,
        660,
        705,
        750,
        795,
        840,
        885,
        930,
        975,
        1020
      ]
    },
    {
      "id": "M8",
      "interval_starts_min": [
        0,
        45,
        90,
        135,
        180,
        225,
        270,
        315,
        360,
        405,
        450,
        495,
        540,
        585,
        630,
        675,
        720,
        765,
        810,
        855,
        900,
        945,
        990,
        1035,
        1080,
        1125,
        1170,
        1215,
        1260,
        1305,
        1350,
        1395
      ],
      "interval_ends_min": [
        45,
        90,
        135,
        180,
        225,
        270,
        315,
        360,
        405,
        450,
        495,
        540,
        585,
        630,
        675,
        720,
        765,
        810,
        855,
        900,
        945,
        990,
        1035,
        1080,
        1125,
        1170,
        1215,
        1260,
        1305,
        1350,
        1395,
        1439
      ]
    },
    {
      "id": "M9",
      "interval_starts_min": [
        420,
        465,
        510,
        555,
        600,
        645,
        690,
        735,
        780,
        825,
        870,
        915,
        960,
        1005
      ],
      "interval_ends_min": [
        465,
        510,
        555,
        600,
        645,
        690,
        735,
        780,
        825,
        870,
        915,
        960,
        1005,
        1020
      ]
    },
    {
      "id": "M10",
      "interval_starts_min": [
        480,
        525,
        570,
        615,
        660,
        705,
        750,
        795,
        840,
        885,
        930,
        975
      ],
      "interval_ends_min": [
        525,
        570,
        615,
        660,
        705,
        750,
        795,
        840,
        885,
        930,
        975,
        1020
      ]
    },
    {
      "id": "M11",
      "interval_starts_min": [
        420,
        465,
        510,
        555,
        600,
        645,
        690,
        735,
        780,
        825,
        870,
        915,
        960,
        1005
      ],
      "interval_ends_min": [
        465,
        510,
        555,
        600,
        645,
        690,
        735,
        780,
        825,
        870,
        915,
        960,
        1005,
        1020
      ]
    },
    {
      "id": "M12",
      "interval_starts_min": [
        360,
        405,
        450,
        495,
        540,
        585,
        630,
        675,
        720,
        765,
        810,
        855,
        900,
        945,
        990,
        1035
      ],
      "interval_ends_min": [
        405,
        450,
        495,
        540,
        585,
        630,
        675,
        720,
        765,
        810,
        855,
        900,
        945,
        990,
        1035,
        1080
      ]
    },
    {
      "id": "M13",
      "interval_starts_min": [
        480,
        525,
        570,
        615,
        660,
        705,
        750,
        795,
        840,
        885,
        930,
        975
      ],
      "interval_ends_min": [
        525,
        570,
        615,
        660,
        705,
        750,
        795,
        840,
        885,
        930,
        975,
        1020
      ]
    }
  ],
  "demand_d_mp": {
    "M1|P1": 780,
    "M1|P2": 880,
    "M1|P3": 0,
    "M2|P1": 0,
    "M2|P2": 0,
    "M2|P3": 660,
    "M3|P1": 0,
    "M3|P2": 0,
    "M3|P3": 3410,
    "M4|P1": 320,
    "M4|P2": 0,
    "M4|P3": 0,
    "M5|P1": 590,
    "M5|P2": 450,
    "M5|P3": 0,
    "M6|P1": 340,
    "M6|P2": 0,
    "M6|P3": 0,
    "M7|P1": 0,
    "M7|P2": 0,
    "M7|P3": 70,
    "M8|P1": 0,
    "M8|P2": 0,
    "M8|P3": 680,
    "M9|P1": 0,
    "M9|P2": 0,
    "M9|P3": 220,
    "M10|P1": 0,
    "M10|P2": 30,
    "M10|P3": 0,
    "M11|P1": 0,
    "M11|P2": 200,
    "M11|P3": 0,
    "M12|P1": 0,
    "M12|P2": 0,
    "M12|P3": 140,
    "M13|P1": 0,
    "M13|P2": 0,
    "M13|P3": 30
  },
  "supply_s_fp": {
    "F1|P1": 180,
    "F1|P2": 140,
    "F1|P3": 1050,
    "F2|P1": 0,
    "F2|P2": 40,
    "F2|P3": 70,
    "F3|P1": 180,
    "F3|P2": 230,
    "F3|P3": 170,
    "F4|P1": 500,
    "F4|P2": 120,
    "F4|P3": 200,
    "F5|P1": 0,
    "F5|P2": 0,
    "F5|P3": 30,
    "F6|P1": 230,
    "F6|P2": 0,
    "F6|P3": 150,
    "F7|P1": 0,
    "F7|P2": 0,
    "F7|P3": 70,
    "F8|P1": 40,
    "F8|P2": 0,
    "F8|P3": 270,
    "F9|P1": 300,
    "F9|P2": 210,
    "F9|P3": 40,
    "F10|P1": 0,
    "F10|P2": 0,
    "F10|P3": 100,
    "F11|P1": 140,
    "F11|P2": 0,
    "F11|P3": 250,
    "F12|P1": 170,
    "F12|P2": 40,
    "F12|P3": 120,
    "F13|P1": 40,
    "F13|P2": 0,
    "F13|P3": 30,
    "F14|P1": 0,
    "F14|P2": 40,
    "F14|P3": 120,
    "F15|P1": 0,
    "F15|P2": 0,
    "F15|P3": 310,
    "F16|P1": 40,
    "F16|P2": 300,
    "F16|P3": 1200,
    "F17|P1": 40,
    "F17|P2": 0,
    "F17|P3": 320,
    "F18|P1": 0,
    "F18|P2": 30,
    "F18|P3": 0,
    "F19|P1": 130,
    "F19|P2": 220,
    "F19|P3": 320,
    "F20|P1": 0,
    "F20|P2": 180,
    "F20|P3": 280,
    "F21|P1": 40,
    "F21|P2": 0,
    "F21|P3": 40,
    "F22|P1": 0,
    "F22|P2": 0,
    "F22|P3": 30,
    "F23|P1": 0,
    "F23|P2": 0,
    "F23|P3": 40,
    "F24|P1": 0,
    "F24|P2": 0,
    "F24|P3": 30
  },
  "distance_matrices": {
    "mill_to_forest_km": [
      [
        22.069784452600384,
        142.89258018349594,
        116.32034690858386,
        142.89258018349594,
        22.069784452600384,
        181.12458262760484,
        128.60158897260564,
        106.5200165808413,
        72.81214944587352,
        107.02735886004382,
        165.6516903946655,
        119.05772615709091,
        183.72167496036332,
        120.33929216658589,
        70.61363832971891,
        70.61363832971891,
        115.08392755452012,
        155.46130722110124,
        85.15965510823976,
        82.65580994223653,
        126.86009533338195,
        142.88093241957162,
        134.7613065163506,
        118.44479169770653
      ],
      [
        184.56721050909147,
        57.09708234960751,
        85.06056483710596,
        57.09708234960751,
        184.56721050909147,
        302.853626626833,
        300.15970041874647,
        110.18182511195405,
        135.47381774741936,
        106.67470376230999,
        75.84712195513886,
        81.5993069633702,
        304.21098081797334,
        80.34365904403558,
        132.14293086762575,
        132.14293086762575,
        253.43086145609297,
        97.78984632809423,
        272.40013840500495,
        269.8329471567801,
        297.2261005560678,
        75.44917734180567,
        305.3249762695098,
        82.6879861467798
      ],
      [
        82.66887251905199,
        47.45095195028516,
        17.29776036191876,
        47.45095195028516,
        82.66887251905199,
        236.7831103254573,
        212.6012981958135,
        30.42909900710064,
        50.53698341033447,
        26.457574412553413,
        91.33193820131332,
        20.410145496635547,
        238.78368269902427,
        21.672493491685003,
        41.09911638005602,
        41.09911638005602,
        176.4282456053965,
        94.24282263360823,
        177.75464678611922,
        175.1454484767609,
        210.05232384881435,
        65.58270949988497,
        218.35025230079506,
        19.50159157815152
      ],
      [
        140.6324120644084,
        95.33672600590783,
        106.06457925372546,
        95.33672600590783,
        140.6324120644084,
        173.85935839693963,
        190.01472718220762,
        135.0351669216118,
        75.20377864988679,
        130.9098576783391,
        58.15678969984439,
        103.22319360676876,
        174.91411512305308,
        103.4950770268535,
        84.56135354636673,
        84.56135354636673,
        134.78051716584338,
        35.74079871900477,
        178.24436984407876,
        176.10079134181282,
        186.75387102405148,
        59.880183148178446,
        193.95392150186416,
        105.27517557243378
      ],
      [
        59.364991310788106,
        187.74321918157952,
        158.06025455651584,
        187.74321918157952,
        59.364991310788106,
        206.51920380079108,
        135.76444690053438,
        139.5712211231795,
        123.88489838899787,
        141.50329738184124,
        216.1908526143442,
        161.50154916769094,
        209.28206459437777,
        162.753012592107,
        120.1190338981002,
        120.1190338981002,
        143.99505409094706,
        207.0792841374531,
        87.33653402536112,
        85.72603999878643,
        135.23757395906858,
        192.51023085739496,
        141.60558026549646,
        160.41420614628032
      ],
      [
        180.0317574481888,
        259.92489099971044,
        247.12062102857448,
        259.92489099971044,
        180.0317574481888,
        51.61182409006507,
        38.92016740548801,
        252.8372155597514,
        183.8063184971091,
        251.58982208110314,
        247.56396178048934,
        247.6759396583177,
        53.92434922976564,
        248.77126675432086,
        191.84733959565477,
        191.84733959565477,
        59.094754104364775,
        226.57730061941723,
        85.51279796836168,
        86.8672740910572,
        38.340629933431096,
        237.9268389092749,
        34.54456798361349,
        248.30221839058157
      ],
      [
        179.32943334034096,
        259.1757093461335,
        246.36760680359373,
        259.1757093461335,
        179.32943334034096,
        51.54993561003096,
        38.52380954801742,
        252.09269163424236,
        183.05321240610647,
        250.84343091231685,
        246.8495083642996,
        246.9228305022102,
        53.88447775166406,
        248.01816393917383,
        191.0948458947095,
        191.0948458947095,
        58.35797087461912,
        225.87156124475584,
        84.97758573632042,
        86.31846521888174,
        37.89148000864342,
        237.1923211662438,
        34.2279644690061,
        247.54912756528952
      ],
      [
        152.93721524488072,
        258.9403045533634,
        239.0833527910905,
        258.9403045533634,
        152.93721524488072,
        113.40106333050964,
        29.158396563116323,
        236.09442590327484,
        179.83937374046118,
        235.98158111072405,
        260.4820938619896,
        240.7437934438321,
        115.94631829750718,
        241.97261796537214,
        184.65225638656534,
        184.65225638656534,
        85.20273431640123,
        242.22785538130296,
        45.94548288822738,
        48.491285000786505,
        31.95804794038401,
        245.13767566322989,
        30.318570719526672,
        240.78049221682338
      ],
      [
        191.06715891357481,
        106.95188041026722,
        130.99005402700635,
        106.95188041026722,
        191.06715891357481,
        216.73037143600223,
        244.06329101508138,
        164.60448807772423,
        123.71408957211696,
        160.06260662515035,
        50.220287501934024,
        126.96807715898012,
        217.27287126427154,
        126.66312015063284,
        130.58648069658994,
        130.58648069658994,
        187.1700499492431,
        42.72872808676541,
        234.69877645787753,
        232.585854443647,
        240.767084773939,
        72.6809490599713,
        247.60784735154658,
        129.280462868368
      ],
      [
        19.71298402903079,
        140.70076583577836,
        113.97852659111993,
        140.70076583577836,
        19.71298402903079,
        182.79033928195292,
        130.90705091601117,
        104.0285477808892,
        71.20137043944813,
        104.54399148376271,
        163.98621232403252,
        116.74254530988331,
        185.37692504867627,
        118.02407254326937,
        68.72134465542459,
        68.72134465542459,
        116.71363188890439,
        154.0432139442087,
        87.61082544431918,
        85.10290876036974,
        129.1442063579309,
        141.0732597280469,
        137.06409231929186,
        116.11239473882121
      ],
      [
        66.33608510676225,
        194.06513897066029,
        166.0996743001145,
        194.06513897066029,
        66.33608510676225,
        187.0398332713098,
        114.48734839364835,
        151.3095314026719,
        124.40079380692542,
        152.71370914481636,
        217.25069217835704,
        169.1767835363129,
        189.81763238245216,
        170.4524052829705,
        122.57918158556394,
        122.57918158556394,
        126.0142375635606,
        206.09817427508116,
        66.13206548320713,
        64.62093221947192,
        114.04076053685469,
        194.78605585325985,
        120.28679421635327,
        168.34466916571148
      ],
      [
        157.6168637948515,
        183.5826366153966,
        181.6727060315181,
        183.5826366153966,
        157.6168637948515,
        75.83454619907184,
        114.33481826255664,
        199.6548142347474,
        123.06149144884947,
        196.81763189205367,
        156.26482490022494,
        180.59221486537493,
        76.7947455578725,
        181.37471876980038,
        134.20088295729877,
        134.20088295729877,
        57.32434702623593,
        133.9081378938149,
        126.65624927414,
        125.65117103476486,
        111.13308535734248,
        153.45917842357815,
        116.03067066684743,
        181.98190462062163
      ],
      [
        203.55783101550472,
        327.0559772682634,
        301.6706467310365,
        327.0559772682634,
        203.55783101550472,
        201.6797426249423,
        122.25204501903488,
        289.4898447149123,
        250.76639949491195,
        290.697657818663,
        339.53923015436624,
        304.31558549056797,
        203.9431388583012,
        305.59635903032876,
        252.3575234817611,
        252.3575234817611,
        177.91703543218563,
        323.7092705577229,
        118.64865905210841,
        120.82721541946104,
        125.20892655688164,
        320.6881683689578,
        122.1986189754793,
        303.7686876412624
      ]
    ],
    "forest_to_mill_km": [
      [
        22.069784452600384,
        184.56721050909147,
        82.66887251905199,
        140.6324120644084,
        59.364991310788106,
        180.0317574481888,
        179.32943334034096,
        152.93721524488072,
        191.06715891357481,
        19.71298402903079,
        66.33608510676225,
        157.6168637948515,
        203.55783101550472
      ],
      [
        142.89258018349594,
        57.09708234960751,
        47.45095195028516,
        95.33672600590783,
        187.74321918157952,
        259.92489099971044,
        259.1757093461335,
        258.9403045533634,
        106.95188041026722,
        140.70076583577836,
        194.06513897066029,
        183.5826366153966,
        327.0559772682634
      ],
      [
        116.32034690858386,
        85.06056483710596,
        17.29776036191876,
        106.06457925372546,
        158.06025455651584,
        247.12062102857448,
        246.36760680359373,
        239.0833527910905,
        130.99005402700635,
        113.97852659111993,
        166.0996743001145,
        181.6727060315181,
        301.6706467310365
      ],
      [
        142.89258018349594,
        57.09708234960751,
        47.45095195028516,
        95.33672600590783,
        187.74321918157952,
        259.92489099971044,
        259.1757093461335,
        258.9403045533634,
        106.95188041026722,
        140.70076583577836,
        194.06513897066029,
        183.5826366153966,
        327.0559772682634
      ],
      [
        22.069784452600384,
        184.56721050909147,
        82.66887251905199,
        140.6324120644084,
        59.364991310788106,
        180.0317574481888,
        179.32943334034096,
        152.93721524488072,
        191.06715891357481,
        19.71298402903079,
        66.33608510676225,
        157.6168637948515,
        203.55783101550472
      ],
      [
        181.12458262760484,
        302.853626626833,
        236.7831103254573,
        173.85935839693963,
        206.51920380079108,
        51.61182409006507,
        51.54993561003096,
        113.40106333050964,
        216.73037143600223,
        182.79033928195292,
        187.0398332713098,
        75.83454619907184,
        201.6797426249423
      ],
      [
        128.60158897260564,
        300.15970041874647,
        212.6012981958135,
        190.01472718220762,
        135.76444690053438,
        38.92016740548801,
        38.52380954801742,
        29.158396563116323,
        244.06329101508138,
        130.90705091601117,
        114.48734839364835,
        114.33481826255664,
        122.25204501903488
      ],
      [
        106.5200165808413,
        110.18182511195405,
        30.42909900710064,
        135.0351669216118,
        139.5712211231795,
        252.8372155597514,
        252.09269163424236,
        236.09442590327484,
        164.60448807772423,
        104.0285477808892,
        151.3095314026719,
        199.6548142347474,
        289.4898447149123
      ],
      [
        72.81214944587352,
        135.47381774741936,
        50.53698341033447,
        75.20377864988679,
        123.88489838899787,
        183.8063184971091,
        183.05321240610647,
        179.83937374046118,
        123.71408957211696,
        71.20137043944813,
        124.40079380692542,
        123.06149144884947,
        250.76639949491195
      ],
      [
        107.02735886004382,
        106.67470376230999,
        26.457574412553413,
        130.9098576783391,
        141.50329738184124,
        251.58982208110314,
        250.84343091231685,
        235.98158111072405,
        160.06260662515035,
        104.54399148376271,
        152.71370914481636,
        196.81763189205367,
        290.697657818663
      ],
      [
        165.6516903946655,
        75.84712195513886,
        91.33193820131332,
        58.15678969984439,
        216.1908526143442,
        247.56396178048934,
        246.8495083642996,
        260.4820938619896,
        50.220287501934024,
        163.98621232403252,
        217.25069217835704,
        156.26482490022494,
        339.53923015436624
      ],
      [
        119.05772615709091,
        81.5993069633702,
        20.410145496635547,
        103.22319360676876,
        161.50154916769094,
        247.6759396583177,
        246.9228305022102,
        240.7437934438321,
        126.96807715898012,
        116.74254530988331,
        169.1767835363129,
        180.59221486537493,
        304.31558549056797
      ],
      [
        183.72167496036332,
        304.21098081797334,
        238.78368269902427,
        174.91411512305308,
        209.28206459437777,
        53.92434922976564,
        53.88447775166406,
        115.94631829750718,
        217.27287126427154,
        185.37692504867627,
        189.81763238245216,
        76.7947455578725,
        203.9431388583012
      ],
      [
        120.33929216658589,
        80.34365904403558,
        21.672493491685003,
        103.4950770268535,
        162.753012592107,
        248.77126675432086,
        248.01816393917383,
        241.97261796537214,
        126.66312015063284,
        118.02407254326937,
        170.4524052829705,
        181.37471876980038,
        305.59635903032876
      ],
      [
        70.61363832971891,
        132.14293086762575,
        41.09911638005602,
        84.56135354636673,
        120.1190338981002,
        191.84733959565477,
        191.0948458947095,
        184.65225638656534,
        130.58648069658994,
        68.72134465542459,
        122.57918158556394,
        134.20088295729877,
        252.3575234817611
      ],
      [
        70.61363832971891,
        132.14293086762575,
        41.09911638005602,
        84.56135354636673,
        120.1190338981002,
        191.84733959565477,
        191.0948458947095,
        184.65225638656534,
        130.58648069658994,
        68.72134465542459,
        122.57918158556394,
        134.20088295729877,
        252.3575234817611
      ],
      [
        115.08392755452012,
        253.43086145609297,
        176.4282456053965,
        134.78051716584338,
        143.99505409094706,
        59.094754104364775,
        58.35797087461912,
        85.20273431640123,
        187.1700499492431,
        116.71363188890439,
        126.0142375635606,
        57.32434702623593,
        177.91703543218563
      ],
      [
        155.46130722110124,
        97.78984632809423,
        94.24282263360823,
        35.74079871900477,
        207.0792841374531,
        226.57730061941723,
        225.87156124475584,
        242.22785538130296,
        42.72872808676541,
        154.0432139442087,
        206.09817427508116,
        133.9081378938149,
        323.7092705577229
      ],
      [
        85.15965510823976,
        272.40013840500495,
        177.75464678611922,
        178.24436984407876,
        87.33653402536112,
        85.51279796836168,
        84.97758573632042,
        45.94548288822738,
        234.69877645787753,
        87.61082544431918,
        66.13206548320713,
        126.65624927414,
        118.64865905210841
      ],
      [
        82.65580994223653,
        269.8329471567801,
        175.1454484767609,
        176.10079134181282,
        85.72603999878643,
        86.8672740910572,
        86.31846521888174,
        48.491285000786505,
        232.585854443647,
        85.10290876036974,
        64.62093221947192,
        125.65117103476486,
        120.82721541946104
      ],
      [
        126.86009533338195,
        297.2261005560678,
        210.05232384881435,
        186.75387102405148,
        135.23757395906858,
        38.340629933431096,
        37.89148000864342,
        31.95804794038401,
        240.767084773939,
        129.1442063579309,
        114.04076053685469,
        111.13308535734248,
        125.20892655688164
      ],
      [
        142.88093241957162,
        75.44917734180567,
        65.58270949988497,
        59.880183148178446,
        192.51023085739496,
        237.9268389092749,
        237.1923211662438,
        245.13767566322989,
        72.6809490599713,
        141.0732597280469,
        194.78605585325985,
        153.45917842357815,
        320.6881683689578
      ],
      [
        134.7613065163506,
        305.3249762695098,
        218.35025230079506,
        193.95392150186416,
        141.60558026549646,
        34.54456798361349,
        34.2279644690061,
        30.318570719526672,
        247.60784735154658,
        137.06409231929186,
        120.28679421635327,
        116.03067066684743,
        122.1986189754793
      ],
      [
        118.44479169770653,
        82.6879861467798,
        19.50159157815152,
        105.27517557243378,
        160.41420614628032,
        248.30221839058157,
        247.54912756528952,
        240.78049221682338,
        129.280462868368,
        116.11239473882121,
        168.34466916571148,
        181.98190462062163,
        303.7686876412624
      ]
    ],
    "mill_to_homebase_km": [
      [
        31.34296272746293,
        145.93202614054138,
        133.4498538918508,
        31.34296272746293,
        156.79873809064273,
        83.36319348587774,
        102.85546908363186,
        89.1841687577446,
        208.6805352668468,
        100.94829411621278,
        31.34296272746293,
        102.85546908363186,
        150.709664308033,
        68.04927428814096,
        68.04927428814096,
        146.18327438641242,
        97.77457302549654,
        106.83899056186216,
        138.6554342580973
      ],
      [
        223.14649029128196,
        64.85501552277697,
        66.34162245651662,
        223.14649029128196,
        275.6653643717727,
        236.50504694482447,
        113.22830521468617,
        146.7356951074265,
        324.25322246528685,
        108.66668327636073,
        223.14649029128196,
        113.22830521468617,
        107.39106493314563,
        266.2463626124121,
        266.2463626124121,
        231.00645351408323,
        289.22720238320125,
        283.30331739295514,
        314.01297803638636
      ],
      [
        121.16454981143066,
        48.26303377903044,
        36.11636802283669,
        121.16454981143066,
        208.96577191803235,
        152.03216737608378,
        29.859669746896916,
        78.8163361071702,
        262.20345975687854,
        20.355484034812935,
        121.16454981143066,
        29.859669746896916,
        96.10524196691382,
        166.77440839650757,
        166.77440839650757,
        175.13900654208592,
        193.18169850899082,
        193.18453845759822,
        225.28943394586008
      ],
      [
        171.86760376059243,
        128.99396813136812,
        99.68079326135631,
        171.86760376059243,
        147.84860464567086,
        129.0525205257936,
        134.44459628674562,
        51.42713005297542,
        193.46260132706686,
        124.968219886923,
        171.86760376059243,
        134.44459628674562,
        25.685451608237077,
        187.90536745171923,
        187.90536745171923,
        100.47309705665488,
        196.6680802336092,
        178.74098416950503,
        204.5883731708357
      ],
      [
        21.310209960574518,
        183.96482875464025,
        177.08370537202492,
        21.310209960574518,
        186.219781606931,
        113.39228874003462,
        135.89392934475853,
        141.14200795526287,
        233.5179177113947,
        137.12081349536632,
        21.310209960574518,
        135.89392934475853,
        202.61104959797692,
        54.0381161522299,
        54.0381161522299,
        186.79369516527433,
        90.42315666759943,
        114.46301084139026,
        141.13555812719113
      ],
      [
        168.64718827886935,
        279.53320565829006,
        256.0773700368751,
        168.64718827886935,
        55.86933013973145,
        81.08976388857596,
        249.6710671158055,
        165.8693018460847,
        71.0040912646588,
        244.2379608365972,
        168.64718827886935,
        249.6710671158055,
        216.91632082445216,
        120.57364414950268,
        120.57364414950268,
        101.81699160064025,
        88.88754042214934,
        58.20522544128225,
        42.39528538039424
      ],
      [
        168.018268605188,
        278.78012647871054,
        255.3254757383333,
        168.018268605188,
        55.44198337592005,
        80.34284919502262,
        248.9274525173305,
        165.1253464495682,
        71.18350908445355,
        243.49094555072512,
        168.018268605188,
        248.9274525173305,
        216.2139653997275,
        120.05592183247452,
        120.05592183247452,
        101.25097965826401,
        88.4736387777963,
        57.67362106382195,
        42.24307425914701
      ],
      [
        129.69159675290754,
        270.97531240054235,
        252.35266820718047,
        129.69159675290754,
        108.66781589941147,
        83.04001250806691,
        232.53928123382488,
        172.50838524256866,
