{
  "metadata": {
    "instance_id": "W04",
    "week_dates": "2024-12-24|2024-12-29",
    "anonymized": true,
    "time_unit": "minutes",
    "distance_unit": "km",
    "volume_unit": "GMT"
  },
  "sets": {
    "forests": [
      "F1",
      "F2",
      "F3",
      "F4",
      "F5",
      "F6",
      "F7",
      "F8",
      "F9",
      "F10",
      "F11",
      "F12",
      "F13",
      "F14",
      "F15",
      "F16",
      "F17",
      "F18",
      "F19"
    ],
    "mills": [
      "M1",
      "M2",
      "M3",
      "M4",
      "M5",
      "M6",
      "M7",
      "M8",
      "M9",
      "M10",
      "M11"
    ],
    "products": [
      "P1",
      "P2",
      "P3"
    ],
    "vehicles": [
      "V1",
      "V2",
      "V3",
      "V4",
      "V5",
      "V6",
      "V7",
      "V8",
      "V9",
      "V10",
      "V11",
      "V12",
      "V13",
      "V14",
      "V15",
      "V16",
      "V17",
      "V18",
      "V19",
      "V20",
      "V21",
      "V22",
      "V23",
      "V24",
      "V25",
      "V26",
      "V27",
      "V28",
      "V29",
      "V30",
      "V31",
      "V32",
      "V33",
      "V34",
      "V35",
      "V36"
    ],
    "home_bases": [
      "HB1",
      "HB2",
      "HB3",
      "HB4",
      "HB5",
      "HB6",
      "HB7",
      "HB8",
      "HB9",
      "HB10",
      "HB11",
      "HB12",
      "HB13",
      "HB14",
      "HB15",
      "HB16",
      "HB17",
      "HB18",
      "HB19"
    ]
  },
  "cardinalities": {
    "num_forests": 19,
    "num_mills": 11,
    "num_products": 3,
    "num_vehicles": 36,
    "num_home_bases": 19
  },
  "vehicles_info": [
    {
      "id": "V1",
      "capacity_GMT": 40,
      "self_loading": false
    },
    {
      "id": "V2",
      "capacity_GMT": 40,
      "self_loading": false
    },
    {
      "id": "V3",
      "capacity_GMT": 40,
      "self_loading": false
    },
    {
      "id": "V4",
      "capacity_GMT": 35,
      "self_loading": false
    },
    {
      "id": "V5",
      "capacity_GMT": 35,
      "self_loading": false
    },
    {
      "id": "V6",
      "capacity_GMT": 40,
      "self_loading": false
    },
    {
      "id": "V7",
      "capacity_GMT": 40,
      "self_loading": false
    },
    {
      "id": "V8",
      "capacity_GMT": 40,
      "self_loading": false
    },
    {
      "id": "V9",
      "capacity_GMT": 40,
      "self_loading": false
    },
    {
      "id": "V10",
      "capacity_GMT": 35,
      "self_loading": false
    },
    {
      "id": "V11",
      "capacity_GMT": 40,
      "self_loading": false
    },
    {
      "id": "V12",
      "capacity_GMT": 35,
      "self_loading": false
    },
    {
      "id": "V13",
      "capacity_GMT": 35,
      "self_loading": false
    },
    {
      "id": "V14",
      "capacity_GMT": 40,
      "self_loading": false
    },
    {
      "id": "V15",
      "capacity_GMT": 40,
      "self_loading": false
    },
    {
      "id": "V16",
      "capacity_GMT": 40,
      "self_loading": false
    },
    {
      "id": "V17",
      "capacity_GMT": 35,
      "self_loading": false
    },
    {
      "id": "V18",
      "capacity_GMT": 35,
      "self_loading": false
    },
    {
      "id": "V19",
      "capacity_GMT": 40,
      "self_loading": false
    },
    {
      "id": "V20",
      "capacity_GMT": 40,
      "self_loading": false
    },
    {
      "id": "V21",
      "capacity_GMT": 35,
      "self_loading": false
    },
    {
      "id": "V22",
      "capacity_GMT": 40,
      "self_loading": false
    },
    {
      "id": "V23",
      "capacity_GMT": 35,
      "self_loading": false
    },
    {
      "id": "V24",
      "capacity_GMT": 40,
      "self_loading": false
    },
    {
      "id": "V25",
      "capacity_GMT": 40,
      "self_loading": false
    },
    {
      "id": "V26",
      "capacity_GMT": 35,
      "self_loading": false
    },
    {
      "id": "V27",
      "capacity_GMT": 35,
      "self_loading": false
    },
    {
      "id": "V28",
      "capacity_GMT": 40,
      "self_loading": false
    },
    {
      "id": "V29",
      "capacity_GMT": 40,
      "self_loading": false
    },
    {
      "id": "V30",
      "capacity_GMT": 35,
      "self_loading": false
    },
    {
      "id": "V31",
      "capacity_GMT": 40,
      "self_loading": false
    },
    {
      "id": "V32",
      "capacity_GMT": 35,
      "self_loading": false
    },
    {
      "id": "V33",
      "capacity_GMT": 35,
      "self_loading": false
    },
    {
      "id": "V34",
      "capacity_GMT": 35,
      "self_loading": false
    },
    {
      "id": "V35",
      "capacity_GMT": 35,
      "self_loading": false
    },
    {
      "id": "V36",
      "capacity_GMT": 40,
      "self_loading": false
    }
  ],
  "home_bases_info": [
    {
      "id": "HB1",
      "vehicles": [
        "V1",
        "V4",
        "V5",
        "V12",
        "V13",
        "V18",
        "V23",
        "V26",
        "V33"
      ]
    },
    {
      "id": "HB2",
      "vehicles": [
        "V2",
        "V6"
      ]
    },
    {
      "id": "HB3",
      "vehicles": [
        "V3",
        "V27",
        "V29"
      ]
    },
    {
      "id": "HB4",
      "vehicles": [
        "V7"
      ]
    },
    {
      "id": "HB5",
      "vehicles": [
        "V8"
      ]
    },
    {
      "id": "HB6",
      "vehicles": [
        "V9"
      ]
    },
    {
      "id": "HB7",
      "vehicles": [
        "V10"
      ]
    },
    {
      "id": "HB8",
      "vehicles": [
        "V11",
        "V14"
      ]
    },
    {
      "id": "HB9",
      "vehicles": [
        "V15",
        "V35",
        "V36"
      ]
    },
    {
      "id": "HB10",
      "vehicles": [
        "V16"
      ]
    },
    {
      "id": "HB11",
      "vehicles": [
        "V17"
      ]
    },
    {
      "id": "HB12",
      "vehicles": [
        "V19"
      ]
    },
    {
      "id": "HB13",
      "vehicles": [
        "V20",
        "V30",
        "V31"
      ]
    },
    {
      "id": "HB14",
      "vehicles": [
        "V21"
      ]
    },
    {
      "id": "HB15",
      "vehicles": [
        "V22",
        "V24"
      ]
    },
    {
      "id": "HB16",
      "vehicles": [
        "V25"
      ]
    },
    {
      "id": "HB17",
      "vehicles": [
        "V28"
      ]
    },
    {
      "id": "HB18",
      "vehicles": [
        "V32"
      ]
    },
    {
      "id": "HB19",
      "vehicles": [
        "V34"
      ]
    }
  ],
  "mills_info": [
    {
      "id": "M1",
      "interval_starts_min": [
        420,
        465,
        510,
        555,
        600,
        645,
        690,
        735,
        780,
        825,
        870,
        915,
        960,
        1005
      ],
      "interval_ends_min": [
        465,
        510,
        555,
        600,
        645,
        690,
        735,
        780,
        825,
        870,
        915,
        960,
        1005,
        1020
      ]
    },
    {
      "id": "M2",
      "interval_starts_min": [
        480,
        525,
        570,
        615,
        660,
        705,
        750,
        795,
        840,
        885,
        930,
        975
      ],
      "interval_ends_min": [
        525,
        570,
        615,
        660,
        705,
        750,
        795,
        840,
        885,
        930,
        975,
        1020
      ]
    },
    {
      "id": "M3",
      "interval_starts_min": [
        420,
        465,
        510,
        555,
        600,
        645,
        690,
        735,
        780,
        825,
        870,
        915,
        960,
        1005
      ],
      "interval_ends_min": [
        465,
        510,
        555,
        600,
        645,
        690,
        735,
        780,
        825,
        870,
        915,
        960,
        1005,
        1020
      ]
    },
    {
      "id": "M4",
      "interval_starts_min": [
        0,
        45,
        90,
        135,
        180,
        225,
        270,
        315,
        360,
        405,
        450,
        495,
        540,
        585,
        630,
        675,
        720,
        765,
        810,
        855,
        900,
        945,
        990,
        1035,
        1080,
        1125,
        1170,
        1215,
        1260,
        1305,
        1350,
        1395
      ],
      "interval_ends_min": [
        45,
        90,
        135,
        180,
        225,
        270,
        315,
        360,
        405,
        450,
        495,
        540,
        585,
        630,
        675,
        720,
        765,
        810,
        855,
        900,
        945,
        990,
        1035,
        1080,
        1125,
        1170,
        1215,
        1260,
        1305,
        1350,
        1395,
        1439
      ]
    },
    {
      "id": "M5",
      "interval_starts_min": [
        0,
        45,
        90,
        135,
        180,
        225,
        270,
        315,
        360,
        405,
        450,
        495,
        540,
        585,
        630,
        675,
        720,
        765,
        810,
        855,
        900,
        945,
        990,
        1035,
        1080,
        1125,
        1170,
        1215,
        1260,
        1305,
        1350,
        1395
      ],
      "interval_ends_min": [
        45,
        90,
        135,
        180,
        225,
        270,
        315,
        360,
        405,
        450,
        495,
        540,
        585,
        630,
        675,
        720,
        765,
        810,
        855,
        900,
        945,
        990,
        1035,
        1080,
        1125,
        1170,
        1215,
        1260,
        1305,
        1350,
        1395,
        1439
      ]
    },
    {
      "id": "M6",
      "interval_starts_min": [
        420,
        465,
        510,
        555,
        600,
        645,
        690,
        735,
        780,
        825,
        870,
        915,
        960,
        1005
      ],
      "interval_ends_min": [
        465,
        510,
        555,
        600,
        645,
        690,
        735,
        780,
        825,
        870,
        915,
        960,
        1005,
        1020
      ]
    },
    {
      "id": "M7",
      "interval_starts_min": [
        420,
        465,
        510,
        555,
        600,
        645,
        690,
        735,
        780,
        825,
        870,
        915,
        960,
        1005
      ],
      "interval_ends_min": [
        465,
        510,
        555,
        600,
        645,
        690,
        735,
        780,
        825,
        870,
        915,
        960,
        1005,
        1020
      ]
    },
    {
      "id": "M8",
      "interval_starts_min": [
        480,
        525,
        570,
        615,
        660,
        705,
        750,
        795,
        840,
        885,
        930,
        975
      ],
      "interval_ends_min": [
        525,
        570,
        615,
        660,
        705,
        750,
        795,
        840,
        885,
        930,
        975,
        1020
      ]
    },
    {
      "id": "M9",
      "interval_starts_min": [
        420,
        465,
        510,
        555,
        600,
        645,
        690,
        735,
        780,
        825,
        870,
        915
      ],
      "interval_ends_min": [
        465,
        510,
        555,
        600,
        645,
        690,
        735,
        780,
        825,
        870,
        915,
        960
      ]
    },
    {
      "id": "M10",
      "interval_starts_min": [
        480,
        525,
        570,
        615,
        660,
        705,
        750,
        795,
        840,
        885,
        930,
        975
      ],
      "interval_ends_min": [
        525,
        570,
        615,
        660,
        705,
        750,
        795,
        840,
        885,
        930,
        975,
        1020
      ]
    },
    {
      "id": "M11",
      "interval_starts_min": [
        480,
        525,
        570,
        615,
        660,
        705,
        750,
        795,
        840,
        885,
        930,
        975
      ],
      "interval_ends_min": [
        525,
        570,
        615,
        660,
        705,
        750,
        795,
        840,
        885,
        930,
        975,
        1020
      ]
    }
  ],
  "demand_d_mp": {
    "M1|P1": 150,
    "M1|P2": 0,
    "M1|P3": 0,
    "M2|P1": 0,
    "M2|P2": 180,
    "M2|P3": 0,
    "M3|P1": 0,
    "M3|P2": 0,
    "M3|P3": 150,
    "M4|P1": 1710,
    "M4|P2": 0,
    "M4|P3": 0,
    "M5|P1": 480,
    "M5|P2": 0,
    "M5|P3": 0,
    "M6|P1": 0,
    "M6|P2": 30,
    "M6|P3": 0,
    "M7|P1": 0,
    "M7|P2": 120,
    "M7|P3": 200,
    "M8|P1": 490,
    "M8|P2": 0,
    "M8|P3": 0,
    "M9|P1": 0,
    "M9|P2": 0,
    "M9|P3": 120,
    "M10|P1": 100,
    "M10|P2": 0,
    "M10|P3": 0,
    "M11|P1": 0,
    "M11|P2": 90,
    "M11|P3": 0
  },
  "supply_s_fp": {
    "F1|P1": 130,
    "F1|P2": 0,
    "F1|P3": 0,
    "F2|P1": 40,
    "F2|P2": 90,
    "F2|P3": 0,
    "F3|P1": 40,
    "F3|P2": 0,
    "F3|P3": 50,
    "F4|P1": 560,
    "F4|P2": 90,
    "F4|P3": 0,
    "F5|P1": 120,
    "F5|P2": 0,
    "F5|P3": 0,
    "F6|P1": 30,
    "F6|P2": 30,
    "F6|P3": 0,
    "F7|P1": 30,
    "F7|P2": 0,
    "F7|P3": 200,
    "F8|P1": 240,
    "F8|P2": 0,
    "F8|P3": 0,
    "F9|P1": 190,
    "F9|P2": 0,
    "F9|P3": 0,
    "F10|P1": 140,
    "F10|P2": 0,
    "F10|P3": 40,
    "F11|P1": 360,
    "F11|P2": 40,
    "F11|P3": 0,
    "F12|P1": 0,
    "F12|P2": 40,
    "F12|P3": 70,
    "F13|P1": 120,
    "F13|P2": 0,
    "F13|P3": 0,
    "F14|P1": 120,
    "F14|P2": 0,
    "F14|P3": 0,
    "F15|P1": 120,
    "F15|P2": 0,
    "F15|P3": 80,
    "F16|P1": 490,
    "F16|P2": 0,
    "F16|P3": 0,
    "F17|P1": 0,
    "F17|P2": 120,
    "F17|P3": 0,
    "F18|P1": 0,
    "F18|P2": 0,
    "F18|P3": 40,
    "F19|P1": 200,
    "F19|P2": 0,
    "F19|P3": 0
  },
  "distance_matrices": {
    "mill_to_forest_km": [
      [
        177.3032708919392,
        269.8329471567801,
        75.84712195513886,
        184.56721050909147,
        300.15970041874647,
        75.44917734180567,
        85.06056483710596,
        305.3249762695098,
        305.3249762695098,
        297.2261005560678,
        272.40013840500495,
        135.47381774741936,
        302.853626626833,
        107.34191866262044,
        304.21098081797334,
        110.18182511195405,
        81.5993069633702,
        124.27107387117641,
        106.67470376230999
      ],
      [
        24.95104611553218,
        82.65580994223653,
        165.6516903946655,
        22.069784452600384,
        128.60158897260564,
        142.88093241957162,
        116.32034690858386,
        134.7613065163506,
        134.7613065163506,
        126.86009533338195,
        85.15965510823976,
        72.81214944587352,
        181.12458262760484,
        104.56494234419121,
        183.72167496036332,
        106.5200165808413,
        119.05772615709091,
        78.77335239646452,
        107.02735886004382
      ],
      [
        132.33215299184718,
        176.10079134181282,
        58.15678969984439,
        140.6324120644084,
        190.01472718220762,
        59.880183148178446,
        106.06457925372546,
        193.95392150186416,
        193.95392150186416,
        186.75387102405148,
        178.24436984407876,
        75.20377864988679,
        173.85935839693963,
        128.39366779169717,
        174.91411512305308,
        135.0351669216118,
        103.22319360676876,
        80.23370139845835,
        130.9098576783391
      ],
      [
        75.6717857277423,
        175.1454484767609,
        91.33193820131332,
        82.66887251905199,
        212.6012981958135,
        65.58270949988497,
        17.29776036191876,
        218.35025230079506,
        218.35025230079506,
        210.05232384881435,
        177.75464678611922,
        50.53698341033447,
        236.7831103254573,
        23.802116261525548,
        238.78368269902427,
        30.42909900710064,
        20.410145496635547,
        36.622203495815,
        26.457574412553413
      ],
      [
        155.58511764460397,
        48.491285000786505,
        260.4820938619896,
        152.93721524488072,
        29.158396563116323,
        245.13767566322989,
        239.0833527910905,
        30.318570719526672,
        30.318570719526672,
        31.95804794038401,
        45.94548288822738,
        179.83937374046118,
        113.40106333050964,
        233.26391866499225,
        115.94631829750718,
        236.09442590327484,
        240.7437934438321,
        191.95712301036923,
        235.98158111072405
      ],
      [
        92.61909118665771,
        33.18830387630631,
        224.01988914847254,
        87.80792865727895,
        81.82871598612878,
        203.8014509155796,
        183.77883078376607,
        87.48155209382716,
        87.48155209382716,
        81.63150528717395,
        34.19492139823262,
        133.2561994101381,
        158.33960975426325,
        172.34078074183677,
        161.12998901632733,
        174.00343670852428,
        186.30398602677425,
        142.37547561894812,
        174.73192029022584
      ],
      [
        67.47312615654076,
        85.72603999878643,
        216.1908526143442,
        59.364991310788106,
        135.76444690053438,
        192.51023085739496,
        158.06025455651584,
        141.60558026549646,
        141.60558026549646,
        135.23757395906858,
        87.33653402536112,
        123.88489838899787,
        206.51920380079108,
        139.7487647056732,
        209.28206459437777,
        139.5712211231795,
        161.50154916769094,
        128.03353304840695,
        141.50329738184124
      ],
      [
        179.0125559269422,
        86.31846521888174,
        246.8495083642996,
        179.32943334034096,
        38.52380954801742,
        237.1923211662438,
        246.36760680359373,
        34.2279644690061,
        34.2279644690061,
        37.89148000864342,
        84.97758573632042,
        183.05321240610647,
        51.54993561003096,
        247.84428057555212,
        53.88447775166406,
        252.09269163424236,
        246.9228305022102,
        196.79967519235822,
        250.84343091231685
      ],
      [
        179.72705533537143,
        86.8672740910572,
        247.56396178048934,
        180.0317574481888,
        38.92016740548801,
        237.9268389092749,
        247.12062102857448,
        34.54456798361349,
        34.54456798361349,
        38.340629933431096,
        85.51279796836168,
        183.8063184971091,
        51.61182409006507,
        248.59096364768524,
        53.92434922976564,
        252.8372155597514,
        247.6759396583177,
        197.55274631821771,
        251.58982208110314
      ],
      [
        209.40988296164898,
        120.82721541946104,
        339.53923015436624,
        203.55783101550472,
        122.25204501903488,
        320.6881683689578,
        301.6706467310365,
        122.1986189754793,
        122.1986189754793,
        125.20892655688164,
        118.64865905210841,
        250.76639949491195,
        201.6797426249423,
        288.5137879356443,
        203.9431388583012,
        289.4898447149123,
        304.31558549056797,
        260.42044469918903,
        290.697657818663
      ],
      [
        22.457233448588774,
        85.10290876036974,
        163.98621232403252,
        19.71298402903079,
        130.90705091601117,
        141.0732597280469,
        113.97852659111993,
        137.06409231929186,
        137.06409231929186,
        129.1442063579309,
        87.61082544431918,
        71.20137043944813,
        182.79033928195292,
        102.08628367966385,
        185.37692504867627,
        104.0285477808892,
        116.74254530988331,
        76.863135140527,
        104.54399148376271
      ]
    ],
    "forest_to_mill_km": [
      [
        177.3032708919392,
        24.95104611553218,
        132.33215299184718,
        75.6717857277423,
        155.58511764460397,
        92.61909118665771,
        67.47312615654076,
        179.0125559269422,
        179.72705533537143,
        209.40988296164898,
        22.457233448588774
      ],
      [
        269.8329471567801,
        82.65580994223653,
        176.10079134181282,
        175.1454484767609,
        48.491285000786505,
        33.18830387630631,
        85.72603999878643,
        86.31846521888174,
        86.8672740910572,
        120.82721541946104,
        85.10290876036974
      ],
      [
        75.84712195513886,
        165.6516903946655,
        58.15678969984439,
        91.33193820131332,
        260.4820938619896,
        224.01988914847254,
        216.1908526143442,
        246.8495083642996,
        247.56396178048934,
        339.53923015436624,
        163.98621232403252
      ],
      [
        184.56721050909147,
        22.069784452600384,
        140.6324120644084,
        82.66887251905199,
        152.93721524488072,
        87.80792865727895,
        59.364991310788106,
        179.32943334034096,
        180.0317574481888,
        203.55783101550472,
        19.71298402903079
      ],
      [
        300.15970041874647,
        128.60158897260564,
        190.01472718220762,
        212.6012981958135,
        29.158396563116323,
        81.82871598612878,
        135.76444690053438,
        38.52380954801742,
        38.92016740548801,
        122.25204501903488,
        130.90705091601117
      ],
      [
        75.44917734180567,
        142.88093241957162,
        59.880183148178446,
        65.58270949988497,
        245.13767566322989,
        203.8014509155796,
        192.51023085739496,
        237.1923211662438,
        237.9268389092749,
        320.6881683689578,
        141.0732597280469
      ],
      [
        85.06056483710596,
        116.32034690858386,
        106.06457925372546,
        17.29776036191876,
        239.0833527910905,
        183.77883078376607,
        158.06025455651584,
        246.36760680359373,
        247.12062102857448,
        301.6706467310365,
        113.97852659111993
      ],
      [
        305.3249762695098,
        134.7613065163506,
        193.95392150186416,
        218.35025230079506,
        30.318570719526672,
        87.48155209382716,
        141.60558026549646,
        34.2279644690061,
        34.54456798361349,
        122.1986189754793,
        137.06409231929186
      ],
      [
        305.3249762695098,
        134.7613065163506,
        193.95392150186416,
        218.35025230079506,
        30.318570719526672,
        87.48155209382716,
        141.60558026549646,
        34.2279644690061,
        34.54456798361349,
        122.1986189754793,
        137.06409231929186
      ],
      [
        297.2261005560678,
        126.86009533338195,
        186.75387102405148,
        210.05232384881435,
        31.95804794038401,
        81.63150528717395,
        135.23757395906858,
        37.89148000864342,
        38.340629933431096,
        125.20892655688164,
        129.1442063579309
      ],
      [
        272.40013840500495,
        85.15965510823976,
        178.24436984407876,
        177.75464678611922,
        45.94548288822738,
        34.19492139823262,
        87.33653402536112,
        84.97758573632042,
        85.51279796836168,
        118.64865905210841,
        87.61082544431918
      ],
      [
        135.47381774741936,
        72.81214944587352,
        75.20377864988679,
        50.53698341033447,
        179.83937374046118,
        133.2561994101381,
        123.88489838899787,
        183.05321240610647,
        183.8063184971091,
        250.76639949491195,
        71.20137043944813
      ],
      [
        302.853626626833,
        181.12458262760484,
        173.85935839693963,
        236.7831103254573,
        113.40106333050964,
        158.33960975426325,
        206.51920380079108,
        51.54993561003096,
        51.61182409006507,
        201.6797426249423,
        182.79033928195292
      ],
      [
        107.34191866262044,
        104.56494234419121,
        128.39366779169717,
        23.802116261525548,
        233.26391866499225,
        172.34078074183677,
        139.7487647056732,
        247.84428057555212,
        248.59096364768524,
        288.5137879356443,
        102.08628367966385
      ],
      [
        304.21098081797334,
        183.72167496036332,
        174.91411512305308,
        238.78368269902427,
        115.94631829750718,
        161.12998901632733,
        209.28206459437777,
        53.88447775166406,
        53.92434922976564,
        203.9431388583012,
        185.37692504867627
      ],
      [
        110.18182511195405,
        106.5200165808413,
        135.0351669216118,
        30.42909900710064,
        236.09442590327484,
        174.00343670852428,
        139.5712211231795,
        252.09269163424236,
        252.8372155597514,
        289.4898447149123,
        104.0285477808892
      ],
      [
        81.5993069633702,
        119.05772615709091,
        103.22319360676876,
        20.410145496635547,
        240.7437934438321,
        186.30398602677425,
        161.50154916769094,
        246.9228305022102,
        247.6759396583177,
        304.31558549056797,
        116.74254530988331
      ],
      [
        124.27107387117641,
        78.77335239646452,
        80.23370139845835,
        36.622203495815,
        191.95712301036923,
        142.37547561894812,
        128.03353304840695,
        196.79967519235822,
        197.55274631821771,
        260.42044469918903,
        76.863135140527
      ],
      [
        106.67470376230999,
        107.02735886004382,
        130.9098576783391,
        26.457574412553413,
        235.98158111072405,
        174.73192029022584,
        141.50329738184124,
        250.84343091231685,
        251.58982208110314,
        290.697657818663,
        104.54399148376271
      ]
    ],
    "mill_to_homebase_km": [
      [
        223.14649029128196,
        266.2463626124121,
        66.34162245651662,
        314.01297803638636,
        308.91674876464157,
        223.14649029128196,
        283.30331739295514,
        266.2463626124121,
        223.14649029128196,
        146.7356951074265,
        286.93966227050487,
        324.25322246528685,
        113.22830521468617,
        236.50504694482447,
        281.68747948574537,
        311.239876013428,
        108.66668327636073,
        275.6653643717727,
        314.01297803638636
      ],
      [
        31.34296272746293,
        68.04927428814096,
        133.4498538918508,
        138.6554342580973,
        119.76399908650434,
        31.34296272746293,
        106.83899056186216,
        68.04927428814096,
        31.34296272746293,
        89.1841687577446,
        153.40020170919627,
        208.6805352668468,
        102.85546908363186,
        83.36319348587774,
        95.98233267556277,
        128.69013558586948,
        100.94829411621278,
        156.79873809064273,
        138.6554342580973
      ],
      [
        171.86760376059243,
        187.90536745171923,
        99.68079326135631,
        204.5883731708357,
        211.24295609302854,
        171.86760376059243,
        178.74098416950503,
        187.90536745171923,
        171.86760376059243,
        51.42713005297542,
        161.9954392818426,
        193.46260132706686,
        134.44459628674562,
        129.0525205257936,
        236.44508044754082,
        207.29561996449158,
        124.968219886923,
        147.84860464567086,
        204.5883731708357
      ],
      [
        121.16454981143066,
        166.77440839650757,
        36.11636802283669,
        225.28943394586008,
        214.16391917690783,
        121.16454981143066,
        193.18453845759822,
        166.77440839650757,
        121.16454981143066,
        78.8163361071702,
        214.62513384889496,
        262.20345975687854,
        29.859669746896916,
        152.03216737608378,
        180.42112138611577,
        219.39926222954497,
        20.355484034812935,
        208.96577191803235,
        225.28943394586008
      ],
      [
        129.69159675290754,
        72.79631558566805,
        252.35266820718047,
        20.980625405612898,
        16.757574082491143,
        129.69159675290754,
        33.28147633608896,
        72.79631558566805,
        129.69159675290754,
        172.50838524256866,
        90.0447383032015,
        134.3311525609394,
        232.53928123382488,
        83.04001250806691,
        139.53345620541518,
        5.0206296655291185,
        229.27107278468878,
        108.66781589941147,
        20.980625405612898
      ],
      [
        58.506313473535194,
        1.1229916608538464,
        200.12074307740508,
        86.40569305597465,
        57.35856201116732,
        58.506313473535194,
        61.408867487286244,
        1.1229916608538464,
        58.506313473535194,
        138.27647719997907,
        129.7662607612333,
        184.39066110812354,
        170.30623787316173,
        75.99742849143098,
        76.99920712662122,
        71.50864717754143,
        168.80153259699134,
        141.55926985866108,
        86.40569305597465
      ],
      [
        21.310209960574518,
        54.0381161522299,
        177.08370537202492,
        141.13555812719113,
        111.26234357691324,
        21.310209960574518,
        114.46301084139026,
        54.0381161522299,
        21.310209960574518,
        141.14200795526287,
        177.6838721796862,
        233.5179177113947,
        135.89392934475853,
        113.39228874003462,
        43.90535802892076,
        126.25186150915731,
        137.12081349536632,
        186.219781606931,
        141.13555812719113
      ],
      [
        168.018268605188,
        120.05592183247452,
        255.3254757383333,
        42.24307425914701,
        77.87061282672924,
        168.018268605188,
        57.67362106382195,
        120.05592183247452,
        168.018268605188,
        165.1253464495682,
        35.27012037965275,
        71.18350908445355,
        248.9274525173305,
        80.34284919502262,
        194.461140118313,
        59.536090215907244,
        243.49094555072512,
        55.44198337592005,
        42.24307425914701
      ],
      [
        168.64718827886935,
        120.57364414950268,
        256.0773700368751,
        42.39528538039424,
        78.12674932445991,
        168.64718827886935,
        58.20522544128225,
        120.57364414950268,
        168.64718827886935,
        165.8693018460847,
        35.725510123616985,
        71.0040912646588,
        249.6710671158055,
        81.08976388857596,
        194.9222340062562,
        59.752175296642875,
        244.2379608365972,
        55.86933013973145,
        42.39528538039424
      ],
      [
        168.10554581258936,
        117.90653591901044,
        318.3017481293556,
        110.7990261618924,
        87.72892352238937,
        168.10554581258936,
        122.93416996089933,
        117.90653591901044,
        168.10554581258936,
        251.80319259497708,
        181.63037229575332,
        218.11670825969924,
        285.76609449301424,
        169.75662292862629,
        137.05080733580542,
        98.33166550713743,
        285.2459461187458,
        201.04861794233375,
        110.7990261618924
      ],
      [
        32.25082924396516,
        70.4881011694463,
        131.19342251829335,
        141.02833560642975,
        122.25259298463675,
        32.25082924396516,
        109.17336111483799,
        70.4881011694463,
        32.25082924396516,
        88.30985736347289,
        155.15383995603995,
        210.34005958543065,
        100.36319289339896,
        85.05944391691423,
        97.0945173949137,
        131.13353224957208,
        98.47767419091257,
        158.3107683717629,
        141.02833560642975
      ]
    ],
    "homebase_to_forest_km": [
      [
        46.52718875278948,
        84.32559435598817,
        194.893838039024,
        38.695583001842614,
        134.19395316302572,
        171.28551157135448,
        138.28054080168928,
        140.27096177084024,
        140.27096177084024,
        133.15947615135224,
        86.39111947791648,
        102.58553276237276,
        198.30368619653657,
        121.49803289153753,
        201.01600955919523,
        121.90451996684682,
        141.57334402273298,
        106.79921304571512,
        123.46230921751375
      ],
      [
        92.68437208288324,
        34.24621897449603,
        224.61002302517485,
        87.78521655483786,
        82.7659267663076,
        204.3180707195833,
        183.99573874130988,
        88.40023417602576,
        88.40023417602576,
        82.59283563671504,
        35.22364062365617,
        133.735629735161,
        159.4297755201983,
        172.3950166702457,
        162.22013682116932,
        174.0159481114035,
        186.54242641136764,
        142.77521838221742,
        174.773477646292
      ],
      [
        110.97111133522517,
        205.8724637753286,
        66.94416124843396,
        118.30253339060931,
        239.65224523808232,
        44.66446136251192,
        20.357555484054696,
        245.1336109640481,
        245.1336109640481,
        236.8916713275565,
        208.4672796108104,
        73.19281267992423,
        253.74141654893015,
        47.76481905223433,
        255.47291486884765,
        52.834588321301865,
        16.18732021683085,
        60.42887089112453,
        48.408752337192475
      ],
      [
        162.33755710560843,
        57.396516414531625,
        255.67519592588616,
        160.72519416780762,
        14.575631268758466,
        242.0938144745481,
        241.09222882131274,
        11.824580823667773,
        11.824580823667773,
        17.854081698152036,
        55.22813006142232,
        179.86171264322994,
        92.94940622916283,
        237.71807008281803,
        95.44199761554111,
        241.05608177456187,
        242.3907905161086,
        192.6890729506496,
        240.55222492696063
      ],
      [
        144.60461078474086,
        39.179015785521955,
        257.3295803989296,
        141.28768326933243,
        40.88917812476735,
        240.66262602929174,
        230.85896773718375,
        43.84457527690029,
        43.84457527690029,
        42.92223467768613,
        36.58546662877673,
        173.45730364132075,
        126.72857185713487,
        223.35909051128075,
        129.36024695362323,
        225.83449575624294,
        232.77121380393464,
        184.94436973425184,
        225.98602613127179
      ],
      [
        46.52718875278948,
        84.32559435598817,
        194.893838039024,
        38.695583001842614,
        134.19395316302572,
        171.28551157135448,
        138.28054080168928,
        140.27096177084024,
        140.27096177084024,
        133.15947615135224,
        86.39111947791648,
        102.58553276237276,
        198.30368619653657,
        121.49803289153753,
        201.01600955919523,
        121.90451996684682,
        141.57334402273298,
        106.79921304571512,
        123.46230921751375
      ],
      [
        130.2194669761203,
        28.747621640327573,
        227.37901995802358,
        128.8863070801685,
        22.065642522991574,
        212.4722071329453,
        209.12902808139384,
        28.21432040968945,
        28.21432040968945,
        20.955040027384673,
        27.310128336646443,
        148.49189907082072,
        99.4478369352182,
        205.3830167634694,
        102.21098092250998,
        208.70876895801607,
        210.52619204658936,
        161.06572250649697,
        208.21272976167734
      ],
      [
        92.68437208288324,
        34.24621897449603,
        224.61002302517485,
        87.78521655483786,
        82.7659267663076,
        204.3180707195833,
        183.99573874130988,
        88.40023417602576,
        88.40023417602576,
        82.59283563671504,
        35.22364062365617,
        133.735629735161,
        159.4297755201983,
        172.3950166702457,
        162.22013682116932,
        174.0159481114035,
        186.54242641136764,
        142.77521838221742,
        174.773477646292
      ],
      [
        46.52718875278948,
        84.32559435598817,
        194.893838039024,
        38.695583001842614,
        134.19395316302572,
        171.28551157135448,
        138.28054080168928,
        140.27096177084024,
        140.27096177084024,
        133.15947615135224,
        86.39111947791648,
        102.58553276237276,
        198.30368619653657,
        121.49803289153753,
        201.01600955919523,
        121.90451996684682,
        141.57334402273298,
        106.79921304571512,
        123.46230921751375
      ],
      [
        82.68386587152263,
        131.5487655586847,
        88.3000875144147,
        90.67323692248549,
        154.65766889861558,
        73.26080407861875,
        88.35496406430354,
        159.53064144500655,
        159.53064144500655,
        151.60224367243364,
        133.91199087557254,
        32.06222926904202,
        161.30203472401945,
        100.98472521837384,
        163.06924130065022,
        107.12147282302138,
        87.54202854921631,
        43.63026147879296,
        103.9859558180948
      ],
      [
        171.27015692333384,
        96.96473779038432,
        218.82078372283493,
        173.25993325215404,
        61.204697341038745,
        211.61643152988987,
        227.53882099480964,
        59.881078211965416,
        59.881078211965416,
        58.87883792160569,
        96.52379169719963,
        164.30704091834258,
        28.84260246511907,
        232.6720459208178,
        31.614477121543327,
        237.55602132826485,
        227.54139254128415,
        178.29125247654363,
        235.7416224648498
      ],
      [
        225.4339291410138,
        151.2567124984381,
        251.61571972752898,
        227.9732597271953,
        108.58321911268473,
        249.17972081952482,
        273.56188135695606,
        105.04467609464312,
        105.04467609464312,
        107.24614257844715,
        150.51415033914012,
        211.72504387161877,
        27.56090908961351,
        281.9023969602379,
        24.965344095338942,
        287.2186174463424,
        272.99193524351864,
        225.58351862798312,
        284.9898960419351
      ],
      [
        77.9089207740127,
        184.1219394229727,
        118.19295838193683,
        82.590774720721,
        225.8704700019771,
        93.03309677687916,
        35.51666854048403,
        231.8465985148991,
        231.8465985148991,
        223.59893761643636,
        186.70115840920963,
        74.4365760608646,
        258.4176556947671,
        7.102561613525489,
        260.57184665922614,
        3.7238105249028908,
        39.913502111479566,
        61.66158853605856,
        6.6105900659599115
      ],
      [
        101.34790776499813,
        51.81616451595066,
        178.02784751446922,
        103.11161065177977,
        63.806068559134886,
        164.12794945350427,
        166.78266285751994,
        68.83490088909501,
        68.83490088909501,
        60.79552666443375,
        53.320373175834376,
        103.95464629332984,
        97.77028598714446,
        167.50166436011673,
        100.378823060043,
        171.7794606992878,
        167.59332528751955,
        117.40865983834105,
        170.50201336580565
      ],
      [
        109.77547313288272,
        110.01340344681083,
        259.1524449607922,
        101.33993896078364,
        156.23497512927796,
        235.0310018399461,
        196.83886848326904,
        161.35603537628958,
        161.35603537628958,
        156.5859707341825,
        110.74887624455522,
        167.3480224864728,
        235.33037198208876,
        175.71103606256244,
        238.12065396552552,
        174.43798128282796,
        200.57418227648853,
        170.73818371677865,
