{
  "metadata": {
    "instance_id": "W08",
    "week_dates": "2024-12-04|2024-12-08",
    "anonymized": true,
    "time_unit": "minutes",
    "distance_unit": "km",
    "volume_unit": "GMT"
  },
  "sets": {
    "forests": [
      "F1",
      "F2",
      "F3",
      "F4",
      "F5",
      "F6",
      "F7",
      "F8",
      "F9",
      "F10",
      "F11",
      "F12",
      "F13",
      "F14",
      "F15",
      "F16",
      "F17",
      "F18",
      "F19",
      "F20",
      "F21",
      "F22",
      "F23",
      "F24"
    ],
    "mills": [
      "M1",
      "M2",
      "M3",
      "M4",
      "M5",
      "M6",
      "M7",
      "M8",
      "M9",
      "M10",
      "M11",
      "M12",
      "M13",
      "M14"
    ],
    "products": [
      "P1",
      "P2",
      "P3"
    ],
    "vehicles": [
      "V1",
      "V2",
      "V3",
      "V4",
      "V5",
      "V6",
      "V7",
      "V8",
      "V9",
      "V10",
      "V11",
      "V12",
      "V13",
      "V14",
      "V15",
      "V16",
      "V17",
      "V18",
      "V19",
      "V20",
      "V21",
      "V22",
      "V23",
      "V24",
      "V25",
      "V26",
      "V27",
      "V28",
      "V29",
      "V30",
      "V31",
      "V32",
      "V33",
      "V34",
      "V35",
      "V36",
      "V37",
      "V38",
      "V39",
      "V40",
      "V41",
      "V42",
      "V43",
      "V44",
      "V45",
      "V46",
      "V47",
      "V48",
      "V49",
      "V50",
      "V51",
      "V52",
      "V53",
      "V54",
      "V55",
      "V56",
      "V57"
    ],
    "home_bases": [
      "HB1",
      "HB2",
      "HB3",
      "HB4",
      "HB5",
      "HB6",
      "HB7",
      "HB8",
      "HB9",
      "HB10",
      "HB11",
      "HB12",
      "HB13",
      "HB14",
      "HB15",
      "HB16",
      "HB17",
      "HB18",
      "HB19",
      "HB20",
      "HB21",
      "HB22",
      "HB23",
      "HB24",
      "HB25"
    ]
  },
  "cardinalities": {
    "num_forests": 24,
    "num_mills": 14,
    "num_products": 3,
    "num_vehicles": 57,
    "num_home_bases": 25
  },
  "vehicles_info": [
    {
      "id": "V1",
      "capacity_GMT": 40,
      "self_loading": false
    },
    {
      "id": "V2",
      "capacity_GMT": 40,
      "self_loading": false
    },
    {
      "id": "V3",
      "capacity_GMT": 40,
      "self_loading": false
    },
    {
      "id": "V4",
      "capacity_GMT": 40,
      "self_loading": false
    },
    {
      "id": "V5",
      "capacity_GMT": 40,
      "self_loading": false
    },
    {
      "id": "V6",
      "capacity_GMT": 35,
      "self_loading": false
    },
    {
      "id": "V7",
      "capacity_GMT": 40,
      "self_loading": false
    },
    {
      "id": "V8",
      "capacity_GMT": 40,
      "self_loading": false
    },
    {
      "id": "V9",
      "capacity_GMT": 40,
      "self_loading": false
    },
    {
      "id": "V10",
      "capacity_GMT": 40,
      "self_loading": false
    },
    {
      "id": "V11",
      "capacity_GMT": 40,
      "self_loading": false
    },
    {
      "id": "V12",
      "capacity_GMT": 35,
      "self_loading": false
    },
    {
      "id": "V13",
      "capacity_GMT": 40,
      "self_loading": false
    },
    {
      "id": "V14",
      "capacity_GMT": 40,
      "self_loading": false
    },
    {
      "id": "V15",
      "capacity_GMT": 40,
      "self_loading": false
    },
    {
      "id": "V16",
      "capacity_GMT": 40,
      "self_loading": false
    },
    {
      "id": "V17",
      "capacity_GMT": 40,
      "self_loading": false
    },
    {
      "id": "V18",
      "capacity_GMT": 40,
      "self_loading": false
    },
    {
      "id": "V19",
      "capacity_GMT": 40,
      "self_loading": false
    },
    {
      "id": "V20",
      "capacity_GMT": 40,
      "self_loading": false
    },
    {
      "id": "V21",
      "capacity_GMT": 40,
      "self_loading": false
    },
    {
      "id": "V22",
      "capacity_GMT": 40,
      "self_loading": false
    },
    {
      "id": "V23",
      "capacity_GMT": 40,
      "self_loading": false
    },
    {
      "id": "V24",
      "capacity_GMT": 35,
      "self_loading": false
    },
    {
      "id": "V25",
      "capacity_GMT": 40,
      "self_loading": false
    },
    {
      "id": "V26",
      "capacity_GMT": 40,
      "self_loading": false
    },
    {
      "id": "V27",
      "capacity_GMT": 40,
      "self_loading": false
    },
    {
      "id": "V28",
      "capacity_GMT": 40,
      "self_loading": false
    },
    {
      "id": "V29",
      "capacity_GMT": 40,
      "self_loading": false
    },
    {
      "id": "V30",
      "capacity_GMT": 40,
      "self_loading": false
    },
    {
      "id": "V31",
      "capacity_GMT": 40,
      "self_loading": false
    },
    {
      "id": "V32",
      "capacity_GMT": 40,
      "self_loading": false
    },
    {
      "id": "V33",
      "capacity_GMT": 40,
      "self_loading": false
    },
    {
      "id": "V34",
      "capacity_GMT": 40,
      "self_loading": false
    },
    {
      "id": "V35",
      "capacity_GMT": 40,
      "self_loading": false
    },
    {
      "id": "V36",
      "capacity_GMT": 40,
      "self_loading": false
    },
    {
      "id": "V37",
      "capacity_GMT": 35,
      "self_loading": false
    },
    {
      "id": "V38",
      "capacity_GMT": 40,
      "self_loading": false
    },
    {
      "id": "V39",
      "capacity_GMT": 40,
      "self_loading": false
    },
    {
      "id": "V40",
      "capacity_GMT": 35,
      "self_loading": false
    },
    {
      "id": "V41",
      "capacity_GMT": 40,
      "self_loading": false
    },
    {
      "id": "V42",
      "capacity_GMT": 40,
      "self_loading": false
    },
    {
      "id": "V43",
      "capacity_GMT": 40,
      "self_loading": false
    },
    {
      "id": "V44",
      "capacity_GMT": 40,
      "self_loading": false
    },
    {
      "id": "V45",
      "capacity_GMT": 40,
      "self_loading": false
    },
    {
      "id": "V46",
      "capacity_GMT": 40,
      "self_loading": false
    },
    {
      "id": "V47",
      "capacity_GMT": 40,
      "self_loading": false
    },
    {
      "id": "V48",
      "capacity_GMT": 40,
      "self_loading": false
    },
    {
      "id": "V49",
      "capacity_GMT": 40,
      "self_loading": false
    },
    {
      "id": "V50",
      "capacity_GMT": 35,
      "self_loading": false
    },
    {
      "id": "V51",
      "capacity_GMT": 40,
      "self_loading": false
    },
    {
      "id": "V52",
      "capacity_GMT": 40,
      "self_loading": false
    },
    {
      "id": "V53",
      "capacity_GMT": 40,
      "self_loading": false
    },
    {
      "id": "V54",
      "capacity_GMT": 40,
      "self_loading": false
    },
    {
      "id": "V55",
      "capacity_GMT": 40,
      "self_loading": false
    },
    {
      "id": "V56",
      "capacity_GMT": 35,
      "self_loading": false
    },
    {
      "id": "V57",
      "capacity_GMT": 40,
      "self_loading": false
    }
  ],
  "home_bases_info": [
    {
      "id": "HB1",
      "vehicles": [
        "V1",
        "V35"
      ]
    },
    {
      "id": "HB2",
      "vehicles": [
        "V2",
        "V18"
      ]
    },
    {
      "id": "HB3",
      "vehicles": [
        "V3",
        "V15",
        "V19",
        "V22",
        "V23",
        "V26",
        "V27",
        "V29",
        "V32",
        "V33",
        "V38",
        "V39",
        "V40",
        "V43",
        "V48",
        "V56"
      ]
    },
    {
      "id": "HB4",
      "vehicles": [
        "V4",
        "V42"
      ]
    },
    {
      "id": "HB5",
      "vehicles": [
        "V5"
      ]
    },
    {
      "id": "HB6",
      "vehicles": [
        "V6"
      ]
    },
    {
      "id": "HB7",
      "vehicles": [
        "V7"
      ]
    },
    {
      "id": "HB8",
      "vehicles": [
        "V8"
      ]
    },
    {
      "id": "HB9",
      "vehicles": [
        "V9"
      ]
    },
    {
      "id": "HB10",
      "vehicles": [
        "V10",
        "V12",
        "V13",
        "V20",
        "V37"
      ]
    },
    {
      "id": "HB11",
      "vehicles": [
        "V11"
      ]
    },
    {
      "id": "HB12",
      "vehicles": [
        "V14"
      ]
    },
    {
      "id": "HB13",
      "vehicles": [
        "V16"
      ]
    },
    {
      "id": "HB14",
      "vehicles": [
        "V17"
      ]
    },
    {
      "id": "HB15",
      "vehicles": [
        "V21"
      ]
    },
    {
      "id": "HB16",
      "vehicles": [
        "V24"
      ]
    },
    {
      "id": "HB17",
      "vehicles": [
        "V25"
      ]
    },
    {
      "id": "HB18",
      "vehicles": [
        "V28",
        "V47",
        "V51",
        "V52",
        "V53",
        "V54",
        "V55",
        "V57"
      ]
    },
    {
      "id": "HB19",
      "vehicles": [
        "V30"
      ]
    },
    {
      "id": "HB20",
      "vehicles": [
        "V31"
      ]
    },
    {
      "id": "HB21",
      "vehicles": [
        "V34"
      ]
    },
    {
      "id": "HB22",
      "vehicles": [
        "V36",
        "V46"
      ]
    },
    {
      "id": "HB23",
      "vehicles": [
        "V41",
        "V49",
        "V50"
      ]
    },
    {
      "id": "HB24",
      "vehicles": [
        "V44"
      ]
    },
    {
      "id": "HB25",
      "vehicles": [
        "V45"
      ]
    }
  ],
  "mills_info": [
    {
      "id": "M1",
      "interval_starts_min": [
        420,
        465,
        510,
        555,
        600,
        645,
        690,
        735,
        780,
        825,
        870,
        915,
        960,
        1005
      ],
      "interval_ends_min": [
        465,
        510,
        555,
        600,
        645,
        690,
        735,
        780,
        825,
        870,
        915,
        960,
        1005,
        1020
      ]
    },
    {
      "id": "M2",
      "interval_starts_min": [
        480,
        525,
        570,
        615,
        660,
        705,
        750,
        795,
        840,
        885,
        930,
        975
      ],
      "interval_ends_min": [
        525,
        570,
        615,
        660,
        705,
        750,
        795,
        840,
        885,
        930,
        975,
        1020
      ]
    },
    {
      "id": "M3",
      "interval_starts_min": [
        420,
        465,
        510,
        555,
        600,
        645,
        690,
        735,
        780,
        825,
        870,
        915,
        960,
        1005
      ],
      "interval_ends_min": [
        465,
        510,
        555,
        600,
        645,
        690,
        735,
        780,
        825,
        870,
        915,
        960,
        1005,
        1020
      ]
    },
    {
      "id": "M4",
      "interval_starts_min": [
        420,
        465,
        510,
        555,
        600,
        645,
        690,
        735,
        780,
        825,
        870,
        915,
        960,
        1005
      ],
      "interval_ends_min": [
        465,
        510,
        555,
        600,
        645,
        690,
        735,
        780,
        825,
        870,
        915,
        960,
        1005,
        1020
      ]
    },
    {
      "id": "M5",
      "interval_starts_min": [
        0,
        45,
        90,
        135,
        180,
        225,
        270,
        315,
        360,
        405,
        450,
        495,
        540,
        585,
        630,
        675,
        720,
        765,
        810,
        855,
        900,
        945,
        990,
        1035,
        1080,
        1125,
        1170,
        1215,
        1260,
        1305,
        1350,
        1395
      ],
      "interval_ends_min": [
        45,
        90,
        135,
        180,
        225,
        270,
        315,
        360,
        405,
        450,
        495,
        540,
        585,
        630,
        675,
        720,
        765,
        810,
        855,
        900,
        945,
        990,
        1035,
        1080,
        1125,
        1170,
        1215,
        1260,
        1305,
        1350,
        1395,
        1439
      ]
    },
    {
      "id": "M6",
      "interval_starts_min": [
        360,
        405,
        450,
        495,
        540,
        585,
        630,
        675,
        720,
        765,
        810,
        855,
        900,
        945,
        990,
        1035
      ],
      "interval_ends_min": [
        405,
        450,
        495,
        540,
        585,
        630,
        675,
        720,
        765,
        810,
        855,
        900,
        945,
        990,
        1035,
        1080
      ]
    },
    {
      "id": "M7",
      "interval_starts_min": [
        0,
        45,
        90,
        135,
        180,
        225,
        270,
        315,
        360,
        405,
        450,
        495,
        540,
        585,
        630,
        675,
        720,
        765,
        810,
        855,
        900,
        945,
        990,
        1035,
        1080,
        1125,
        1170,
        1215,
        1260,
        1305,
        1350,
        1395
      ],
      "interval_ends_min": [
        45,
        90,
        135,
        180,
        225,
        270,
        315,
        360,
        405,
        450,
        495,
        540,
        585,
        630,
        675,
        720,
        765,
        810,
        855,
        900,
        945,
        990,
        1035,
        1080,
        1125,
        1170,
        1215,
        1260,
        1305,
        1350,
        1395,
        1439
      ]
    },
    {
      "id": "M8",
      "interval_starts_min": [
        420,
        465,
        510,
        555,
        600,
        645,
        690,
        735,
        780,
        825,
        870,
        915
      ],
      "interval_ends_min": [
        465,
        510,
        555,
        600,
        645,
        690,
        735,
        780,
        825,
        870,
        915,
        960
      ]
    },
    {
      "id": "M9",
      "interval_starts_min": [
        420,
        465,
        510,
        555,
        600,
        645,
        690,
        735,
        780,
        825,
        870,
        915,
        960,
        1005
      ],
      "interval_ends_min": [
        465,
        510,
        555,
        600,
        645,
        690,
        735,
        780,
        825,
        870,
        915,
        960,
        1005,
        1020
      ]
    },
    {
      "id": "M10",
      "interval_starts_min": [
        480,
        525,
        570,
        615,
        660,
        705,
        750,
        795,
        840,
        885,
        930,
        975
      ],
      "interval_ends_min": [
        525,
        570,
        615,
        660,
        705,
        750,
        795,
        840,
        885,
        930,
        975,
        1020
      ]
    },
    {
      "id": "M11",
      "interval_starts_min": [
        480,
        525,
        570,
        615,
        660,
        705,
        750,
        795,
        840,
        885,
        930,
        975
      ],
      "interval_ends_min": [
        525,
        570,
        615,
        660,
        705,
        750,
        795,
        840,
        885,
        930,
        975,
        1020
      ]
    },
    {
      "id": "M12",
      "interval_starts_min": [
        420,
        465,
        510,
        555,
        600,
        645,
        690,
        735,
        780,
        825,
        870,
        915,
        960,
        1005
      ],
      "interval_ends_min": [
        465,
        510,
        555,
        600,
        645,
        690,
        735,
        780,
        825,
        870,
        915,
        960,
        1005,
        1020
      ]
    },
    {
      "id": "M13",
      "interval_starts_min": [
        480,
        525,
        570,
        615,
        660,
        705,
        750,
        795,
        840,
        885,
        930,
        975
      ],
      "interval_ends_min": [
        525,
        570,
        615,
        660,
        705,
        750,
        795,
        840,
        885,
        930,
        975,
        1020
      ]
    },
    {
      "id": "M14",
      "interval_starts_min": [
        480,
        525,
        570,
        615,
        660,
        705,
        750,
        795,
        840,
        885,
        930,
        975
      ],
      "interval_ends_min": [
        525,
        570,
        615,
        660,
        705,
        750,
        795,
        840,
        885,
        930,
        975,
        1020
      ]
    }
  ],
  "demand_d_mp": {
    "M1|P1": 720,
    "M1|P2": 470,
    "M1|P3": 0,
    "M2|P1": 860,
    "M2|P2": 340,
    "M2|P3": 0,
    "M3|P1": 0,
    "M3|P2": 200,
    "M3|P3": 0,
    "M4|P1": 140,
    "M4|P2": 0,
    "M4|P3": 120,
    "M5|P1": 60,
    "M5|P2": 20,
    "M5|P3": 1790,
    "M6|P1": 0,
    "M6|P2": 0,
    "M6|P3": 980,
    "M7|P1": 0,
    "M7|P2": 0,
    "M7|P3": 690,
    "M8|P1": 0,
    "M8|P2": 1380,
    "M8|P3": 0,
    "M9|P1": 240,
    "M9|P2": 400,
    "M9|P3": 0,
    "M10|P1": 0,
    "M10|P2": 70,
    "M10|P3": 0,
    "M11|P1": 0,
    "M11|P2": 0,
    "M11|P3": 560,
    "M12|P1": 0,
    "M12|P2": 0,
    "M12|P3": 250,
    "M13|P1": 60,
    "M13|P2": 0,
    "M13|P3": 0,
    "M14|P1": 0,
    "M14|P2": 0,
    "M14|P3": 250
  },
  "supply_s_fp": {
    "F1|P1": 320,
    "F1|P2": 110,
    "F1|P3": 30,
    "F2|P1": 360,
    "F2|P2": 260,
    "F2|P3": 220,
    "F3|P1": 290,
    "F3|P2": 200,
    "F3|P3": 1070,
    "F4|P1": 180,
    "F4|P2": 110,
    "F4|P3": 20,
    "F5|P1": 0,
    "F5|P2": 130,
    "F5|P3": 30,
    "F6|P1": 0,
    "F6|P2": 170,
    "F6|P3": 90,
    "F7|P1": 0,
    "F7|P2": 320,
    "F7|P3": 160,
    "F8|P1": 0,
    "F8|P2": 80,
    "F8|P3": 260,
    "F9|P1": 50,
    "F9|P2": 90,
    "F9|P3": 610,
    "F10|P1": 0,
    "F10|P2": 0,
    "F10|P3": 520,
    "F11|P1": 0,
    "F11|P2": 0,
    "F11|P3": 20,
    "F12|P1": 240,
    "F12|P2": 400,
    "F12|P3": 630,
    "F13|P1": 0,
    "F13|P2": 690,
    "F13|P3": 60,
    "F14|P1": 30,
    "F14|P2": 40,
    "F14|P3": 0,
    "F15|P1": 0,
    "F15|P2": 0,
    "F15|P3": 40,
    "F16|P1": 0,
    "F16|P2": 70,
    "F16|P3": 80,
    "F17|P1": 0,
    "F17|P2": 40,
    "F17|P3": 280,
    "F18|P1": 0,
    "F18|P2": 0,
    "F18|P3": 60,
    "F19|P1": 170,
    "F19|P2": 0,
    "F19|P3": 30,
    "F20|P1": 0,
    "F20|P2": 180,
    "F20|P3": 30,
    "F21|P1": 310,
    "F21|P2": 0,
    "F21|P3": 340,
    "F22|P1": 50,
    "F22|P2": 0,
    "F22|P3": 0,
    "F23|P1": 90,
    "F23|P2": 0,
    "F23|P3": 30,
    "F24|P1": 0,
    "F24|P2": 0,
    "F24|P3": 30
  },
  "distance_matrices": {
    "mill_to_forest_km": [
      [
        161.50154916769094,
        85.72603999878643,
        122.78915783778737,
        128.03353304840695,
        126.87267114542736,
        115.42286731783425,
        135.76444690053438,
        143.99505409094706,
        138.54083018072924,
        157.0919309694297,
        125.94002677658904,
        141.2937975047244,
        209.28206459437777,
        80.52826548140692,
        153.03132703244245,
        140.4832484574192,
        90.03488730490504,
        115.42286731783425,
        67.47312615654076,
        158.06025455651584,
        139.7487647056732,
        207.0792841374531,
        139.7487647056732,
        141.60558026549646
      ],
      [
        119.05772615709091,
        82.65580994223653,
        106.6917739919449,
        78.77335239646452,
        98.29030456431606,
        111.03750766371157,
        128.60158897260564,
        115.08392755452012,
        105.97611000011109,
        130.89118456204588,
        77.16396836600882,
        89.21855691214608,
        183.72167496036332,
        71.28919685382692,
        101.933293702086,
        105.32579978174232,
        86.18481036854894,
        111.03750766371157,
        24.95104611553218,
        116.32034690858386,
        104.56494234419121,
        155.46130722110124,
        104.56494234419121,
        134.7613065163506
      ],
      [
        202.24895920334154,
        30.11478049693159,
        69.49443488967357,
        157.50956665101475,
        87.78834837258779,
        52.44153896569749,
        72.51725553399086,
        101.79390636305207,
        189.94954674816952,
        109.49705990421604,
        156.71058747535758,
        154.96361489198864,
        156.42270388555045,
        36.456782467012324,
        174.69577220626914,
        189.6055434022711,
        33.20775677734237,
        52.44153896569749,
        109.11846296796826,
        199.8118670054616,
        188.84404311453576,
        222.72433133198606,
        188.84404311453576,
        77.66629217061418
      ],
      [
        186.30398602677425,
        33.18830387630631,
        73.15045391794055,
        142.37547561894812,
        86.00326022859221,
        61.35849211748347,
        81.82871598612878,
        101.56851473310275,
        173.36587961436075,
        111.52040005043607,
        141.4315483353666,
        141.90416481157993,
        161.12998901632733,
        33.26131997814477,
        160.6877047588194,
        173.10248090067603,
        37.33180391154452,
        61.35849211748347,
        92.61909118665771,
        183.77883078376607,
        172.34078074183677,
        209.9982540697402,
        172.34078074183677,
        87.48155209382716
      ],
      [
        20.410145496635547,
        175.1454484767609,
        185.84703447191004,
        36.622203495815,
        164.46274940880454,
        199.13118961185643,
        212.6012981958135,
        176.4282456053965,
        31.689924664966583,
        193.04734478234053,
        34.74159892734181,
        70.05499078214423,
        238.78368269902427,
        162.3940550781267,
        53.02372375517105,
        24.036093425714498,
        177.78424505527764,
        199.13118961185643,
        75.6717857277423,
        17.29776036191876,
        23.802116261525548,
        94.24282263360823,
        23.802116261525548,
        218.35025230079506
      ],
      [
        180.59221486537493,
        125.65117103476486,
        93.71426626966921,
        136.21866967545898,
        67.73769111003607,
        119.83307826675652,
        114.33481826255664,
        57.32434702623593,
        200.35239523408,
        60.7613732055694,
        138.72488377371792,
        102.50290423212601,
        76.7947455578725,
        119.33524253075647,
        124.29726152320262,
        194.263593758822,
        123.5301658240358,
        119.83307826675652,
        152.48700526289116,
        181.6727060315181,
        193.7672303902884,
        133.9081378938149,
        193.7672303902884,
        116.03067066684743
      ],
      [
        240.7437934438321,
        48.491285000786505,
        50.25729419049078,
        191.95712301036923,
        80.29427431247937,
        25.896383510612907,
        29.158396563116323,
        85.20273431640123,
        235.74340235150498,
        83.36742947224569,
        192.04534543436156,
        179.12452307433855,
        115.94631829750718,
        60.678724919164175,
        202.33882460008235,
        234.0092584916181,
        45.28241356039009,
        25.896383510612907,
        155.58511764460397,
        239.0833527910905,
        233.26391866499225,
        242.22785538130296,
        233.26391866499225,
        30.318570719526672
      ],
      [
        247.6759396583177,
        86.8672740910572,
        51.99263394378948,
        197.55274631821771,
        68.4008143940994,
        58.84636406636532,
        38.92016740548801,
        59.094754104364775,
        252.90082372254136,
        45.310114515378494,
        198.69206736274512,
        174.30094789955777,
        53.92434922976564,
        92.55233258477374,
        198.9998299021682,
        249.27228619871636,
        82.57954835010183,
        58.84636406636532,
        179.72705533537143,
        247.12062102857448,
        248.59096364768524,
        226.57730061941723,
        248.59096364768524,
        34.54456798361349
      ],
      [
        103.22319360676876,
        176.10079134181282,
        162.83258959469325,
        80.23370139845835,
        132.98022918514795,
        186.19470322287341,
        190.01472718220762,
        134.78051716584338,
        136.3255526788557,
        146.93825898640316,
        83.53637785896555,
        52.17208686594607,
        174.91411512305308,
        164.49472851143403,
        53.06779763019506,
        128.5765389609379,
        176.3444447176062,
        186.19470322287341,
        132.33215299184718,
        106.06457925372546,
        128.39366779169717,
        35.74079871900477,
        128.39366779169717,
        193.95392150186416
      ],
      [
        131.11328289805127,
        173.54376066066592,
        205.21007470639472,
        128.755778592934,
        199.73829309970668,
        203.76070157036142,
        223.34830554676927,
        216.60274550721644,
        92.64826949098953,
        232.29274949471838,
        125.47640019156565,
        159.795957845044,
        285.2084438798802,
        165.1825504424917,
        156.8804872192302,
        99.235775229723,
        177.72619463213442,
        203.76070157036142,
        88.58974958481687,
        126.69718099711547,
        98.81845710285259,
        207.48872194926733,
        98.81845710285259,
        229.44330829433503
      ],
      [
        304.31558549056797,
        120.82721541946104,
        141.85102888478468,
        260.42044469918903,
        170.68566494676688,
        115.7191895929992,
        122.25204501903488,
        177.91703543218563,
        288.6805136113258,
        176.71915221930942,
        259.56674642200915,
        256.73488286532233,
        203.9431388583012,
        132.80656984496804,
        277.28665305907697,
        289.2729836140963,
        120.56596365510391,
        115.7191895929992,
        209.40988296164898,
        301.6706467310365,
        288.5137879356443,
        323.7092705577229,
        288.5137879356443,
        122.1986189754793
      ],
      [
        81.5993069633702,
        269.8329471567801,
        272.20494283389417,
        124.27107387117641,
        245.87583298222265,
        290.0318874264701,
        300.15970041874647,
        253.43086145609297,
        111.69601001839288,
        268.4023116567704,
        124.8166959843523,
        138.59752262818677,
        304.21098081797334,
        256.8955319282475,
        114.09160541002635,
        106.72855339367358,
        271.82919044084434,
        290.0318874264701,
        177.3032708919392,
        85.06056483710596,
        107.34191866262044,
        97.78984632809423,
        107.34191866262044,
        305.3249762695098
      ],
      [
        116.74254530988331,
        85.10290876036974,
        108.8322036449346,
        76.863135140527,
        99.99211305323158,
        113.41768463720595,
        130.90705091601117,
        116.71363188890439,
        103.4829039496052,
        132.60662398064062,
        75.19511253763969,
        88.10871905802483,
        185.37692504867627,
        73.69039759351698,
        100.35172591166919,
        102.84724241464964,
        88.61675444627605,
        113.41768463720595,
        22.457233448588774,
        113.97852659111993,
        102.08628367966385,
        154.0432139442087,
        102.08628367966385,
        137.06409231929186
      ],
      [
        185.39071725495853,
        35.29667031337893,
        75.17721990751106,
        141.77412787311374,
        87.62550500132379,
        63.55421640755344,
        84.02393251248739,
        103.30154048680652,
        172.05178361208587,
        113.41003332465675,
        140.78305422259982,
        141.84772737385393,
        163.15620570704385,
        34.98657294494951,
        160.39631382900933,
        171.87129878403405,
        39.4588800975926,
        63.55421640755344,
        91.40922729127655,
        182.82651906065166,
        171.10951596155016,
        209.98300950998228,
        171.10951596155016,
        89.67944945952439
      ]
    ],
    "forest_to_mill_km": [
      [
        161.50154916769094,
        119.05772615709091,
        202.24895920334154,
        186.30398602677425,
        20.410145496635547,
        180.59221486537493,
        240.7437934438321,
        247.6759396583177,
        103.22319360676876,
        131.11328289805127,
        304.31558549056797,
        81.5993069633702,
        116.74254530988331,
        185.39071725495853
      ],
      [
        85.72603999878643,
        82.65580994223653,
        30.11478049693159,
        33.18830387630631,
        175.1454484767609,
        125.65117103476486,
        48.491285000786505,
        86.8672740910572,
        176.10079134181282,
        173.54376066066592,
        120.82721541946104,
        269.8329471567801,
        85.10290876036974,
        35.29667031337893
      ],
      [
        122.78915783778737,
        106.6917739919449,
        69.49443488967357,
        73.15045391794055,
        185.84703447191004,
        93.71426626966921,
        50.25729419049078,
        51.99263394378948,
        162.83258959469325,
        205.21007470639472,
        141.85102888478468,
        272.20494283389417,
        108.8322036449346,
        75.17721990751106
      ],
      [
        128.03353304840695,
        78.77335239646452,
        157.50956665101475,
        142.37547561894812,
        36.622203495815,
        136.21866967545898,
        191.95712301036923,
        197.55274631821771,
        80.23370139845835,
        128.755778592934,
        260.42044469918903,
        124.27107387117641,
        76.863135140527,
        141.77412787311374
      ],
      [
        126.87267114542736,
        98.29030456431606,
        87.78834837258779,
        86.00326022859221,
        164.46274940880454,
        67.73769111003607,
        80.29427431247937,
        68.4008143940994,
        132.98022918514795,
        199.73829309970668,
        170.68566494676688,
        245.87583298222265,
        99.99211305323158,
        87.62550500132379
      ],
      [
        115.42286731783425,
        111.03750766371157,
        52.44153896569749,
        61.35849211748347,
        199.13118961185643,
        119.83307826675652,
        25.896383510612907,
        58.84636406636532,
        186.19470322287341,
        203.76070157036142,
        115.7191895929992,
        290.0318874264701,
        113.41768463720595,
        63.55421640755344
      ],
      [
        135.76444690053438,
        128.60158897260564,
        72.51725553399086,
        81.82871598612878,
        212.6012981958135,
        114.33481826255664,
        29.158396563116323,
        38.92016740548801,
        190.01472718220762,
        223.34830554676927,
        122.25204501903488,
        300.15970041874647,
        130.90705091601117,
        84.02393251248739
      ],
      [
        143.99505409094706,
        115.08392755452012,
        101.79390636305207,
        101.56851473310275,
        176.4282456053965,
        57.32434702623593,
        85.20273431640123,
        59.094754104364775,
        134.78051716584338,
        216.60274550721644,
        177.91703543218563,
        253.43086145609297,
        116.71363188890439,
        103.30154048680652
      ],
      [
        138.54083018072924,
        105.97611000011109,
        189.94954674816952,
        173.36587961436075,
        31.689924664966583,
        200.35239523408,
        235.74340235150498,
        252.90082372254136,
        136.3255526788557,
        92.64826949098953,
        288.6805136113258,
        111.69601001839288,
        103.4829039496052,
        172.05178361208587
      ],
      [
        157.0919309694297,
        130.89118456204588,
        109.49705990421604,
        111.52040005043607,
        193.04734478234053,
        60.7613732055694,
        83.36742947224569,
        45.310114515378494,
        146.93825898640316,
        232.29274949471838,
        176.71915221930942,
        268.4023116567704,
        132.60662398064062,
        113.41003332465675
      ],
      [
        125.94002677658904,
        77.16396836600882,
        156.71058747535758,
        141.4315483353666,
        34.74159892734181,
        138.72488377371792,
        192.04534543436156,
        198.69206736274512,
        83.53637785896555,
        125.47640019156565,
        259.56674642200915,
        124.8166959843523,
        75.19511253763969,
        140.78305422259982
      ],
      [
        141.2937975047244,
        89.21855691214608,
        154.96361489198864,
        141.90416481157993,
        70.05499078214423,
        102.50290423212601,
        179.12452307433855,
        174.30094789955777,
        52.17208686594607,
        159.795957845044,
        256.73488286532233,
        138.59752262818677,
        88.10871905802483,
        141.84772737385393
      ],
      [
        209.28206459437777,
        183.72167496036332,
        156.42270388555045,
        161.12998901632733,
        238.78368269902427,
        76.7947455578725,
        115.94631829750718,
        53.92434922976564,
        174.91411512305308,
        285.2084438798802,
        203.9431388583012,
        304.21098081797334,
        185.37692504867627,
        163.15620570704385
      ],
      [
        80.52826548140692,
        71.28919685382692,
        36.456782467012324,
        33.26131997814477,
        162.3940550781267,
        119.33524253075647,
        60.678724919164175,
        92.55233258477374,
        164.49472851143403,
        165.1825504424917,
        132.80656984496804,
        256.8955319282475,
        73.69039759351698,
        34.98657294494951
      ],
      [
        153.03132703244245,
        101.933293702086,
        174.69577220626914,
        160.6877047588194,
        53.02372375517105,
        124.29726152320262,
        202.33882460008235,
        198.9998299021682,
        53.06779763019506,
        156.8804872192302,
        277.28665305907697,
        114.09160541002635,
        100.35172591166919,
        160.39631382900933
      ],
      [
        140.4832484574192,
        105.32579978174232,
        189.6055434022711,
        173.10248090067603,
        24.036093425714498,
        194.263593758822,
        234.0092584916181,
        249.27228619871636,
        128.5765389609379,
        99.235775229723,
        289.2729836140963,
        106.72855339367358,
        102.84724241464964,
        171.87129878403405
      ],
      [
        90.03488730490504,
        86.18481036854894,
        33.20775677734237,
        37.33180391154452,
        177.78424505527764,
        123.5301658240358,
        45.28241356039009,
        82.57954835010183,
        176.3444447176062,
        177.72619463213442,
        120.56596365510391,
        271.82919044084434,
        88.61675444627605,
        39.4588800975926
      ],
      [
        115.42286731783425,
        111.03750766371157,
        52.44153896569749,
        61.35849211748347,
        199.13118961185643,
        119.83307826675652,
        25.896383510612907,
        58.84636406636532,
        186.19470322287341,
        203.76070157036142,
        115.7191895929992,
        290.0318874264701,
        113.41768463720595,
        63.55421640755344
      ],
      [
        67.47312615654076,
        24.95104611553218,
        109.11846296796826,
        92.61909118665771,
        75.6717857277423,
        152.48700526289116,
        155.58511764460397,
        179.72705533537143,
        132.33215299184718,
        88.58974958481687,
        209.40988296164898,
        177.3032708919392,
        22.457233448588774,
        91.40922729127655
      ],
      [
        158.06025455651584,
        116.32034690858386,
        199.8118670054616,
        183.77883078376607,
        17.29776036191876,
        181.6727060315181,
        239.0833527910905,
        247.12062102857448,
        106.06457925372546,
        126.69718099711547,
        301.6706467310365,
        85.06056483710596,
        113.97852659111993,
        182.82651906065166
      ],
      [
        139.7487647056732,
        104.56494234419121,
        188.84404311453576,
        172.34078074183677,
        23.802116261525548,
        193.7672303902884,
        233.26391866499225,
        248.59096364768524,
        128.39366779169717,
        98.81845710285259,
        288.5137879356443,
        107.34191866262044,
        102.08628367966385,
        171.10951596155016
      ],
      [
        207.0792841374531,
        155.46130722110124,
        222.72433133198606,
        209.9982540697402,
        94.24282263360823,
        133.9081378938149,
        242.22785538130296,
        226.57730061941723,
        35.74079871900477,
        207.48872194926733,
        323.7092705577229,
        97.78984632809423,
        154.0432139442087,
        209.98300950998228
      ],
      [
        139.7487647056732,
        104.56494234419121,
        188.84404311453576,
        172.34078074183677,
        23.802116261525548,
        193.7672303902884,
        233.26391866499225,
        248.59096364768524,
        128.39366779169717,
        98.81845710285259,
        288.5137879356443,
        107.34191866262044,
        102.08628367966385,
        171.10951596155016
      ],
      [
        141.60558026549646,
        134.7613065163506,
        77.66629217061418,
        87.48155209382716,
        218.35025230079506,
        116.03067066684743,
        30.318570719526672,
        34.54456798361349,
        193.95392150186416,
        229.44330829433503,
        122.1986189754793,
        305.3249762695098,
        137.06409231929186,
        89.67944945952439
      ]
    ],
    "mill_to_homebase_km": [
      [
        43.90535802892076,
        54.0381161522299,
        21.310209960574518,
        54.0381161522299,
        137.12081349536632,
        186.79369516527433,
        126.25186150915731,
        35.84801873215514,
        113.39228874003462,
        135.89392934475853,
        186.219781606931,
        114.46301084139026,
        148.73156256681946,
        21.310209960574518,
        141.14200795526287,
        90.42315666759943,
        141.13555812719113,
        21.310209960574518,
        135.89392934475853,
        111.26234357691324,
        66.9047255441575,
        177.6838721796862,
        184.67759948976322,
        167.78710888467563,
        233.5179177113947
      ],
      [
        95.98233267556277,
        68.04927428814096,
        31.34296272746293,
        68.04927428814096,
        100.94829411621278,
        146.18327438641242,
        128.69013558586948,
        87.83115517462258,
        83.36319348587774,
        102.85546908363186,
        156.79873809064273,
        106.83899056186216,
        112.467157597247,
        31.34296272746293,
        89.1841687577446,
        97.77457302549654,
        138.6554342580973,
        31.34296272746293,
        102.85546908363186,
        119.76399908650434,
        82.94235330678788,
        153.40020170919627,
        155.23321695834892,
        119.07561400338317,
        208.6805352668468
      ],
      [
        83.71876542682719,
        16.79031885297421,
        74.61980712121847,
        16.79031885297421,
        185.27045423975449,
        156.5838495267329,
        58.525202486153326,
        81.81954100451433,
        80.17396082441618,
        186.880922683221,
        139.4193277425584,
        54.38536980859724,
        196.8022920841592,
        74.61980712121847,
        150.73403848638424,
        23.01059780321532,
        74.77038755143411,
        74.61980712121847,
        186.880922683221,
        42.586917624926336,
        1.8059919705943064,
        125.7060508372875,
        138.0430681115767,
        158.2252667084831,
