{
  "metadata": {
    "instance_id": "W09",
    "week_dates": "2024-11-29|2024-12-03",
    "anonymized": true,
    "time_unit": "minutes",
    "distance_unit": "km",
    "volume_unit": "GMT"
  },
  "sets": {
    "forests": [
      "F1",
      "F2",
      "F3",
      "F4",
      "F5",
      "F6",
      "F7",
      "F8",
      "F9",
      "F10",
      "F11",
      "F12",
      "F13",
      "F14",
      "F15",
      "F16",
      "F17",
      "F18",
      "F19",
      "F20",
      "F21",
      "F22",
      "F23"
    ],
    "mills": [
      "M1",
      "M2",
      "M3",
      "M4",
      "M5",
      "M6",
      "M7",
      "M8",
      "M9",
      "M10",
      "M11",
      "M12",
      "M13"
    ],
    "products": [
      "P1",
      "P2",
      "P3"
    ],
    "vehicles": [
      "V1",
      "V2",
      "V3",
      "V4",
      "V5",
      "V6",
      "V7",
      "V8",
      "V9",
      "V10",
      "V11",
      "V12",
      "V13",
      "V14",
      "V15",
      "V16",
      "V17",
      "V18",
      "V19",
      "V20",
      "V21",
      "V22",
      "V23",
      "V24",
      "V25",
      "V26",
      "V27",
      "V28",
      "V29",
      "V30",
      "V31",
      "V32",
      "V33",
      "V34",
      "V35",
      "V36",
      "V37",
      "V38",
      "V39",
      "V40",
      "V41",
      "V42",
      "V43",
      "V44",
      "V45",
      "V46",
      "V47",
      "V48",
      "V49",
      "V50",
      "V51"
    ],
    "home_bases": [
      "HB1",
      "HB2",
      "HB3",
      "HB4",
      "HB5",
      "HB6",
      "HB7",
      "HB8",
      "HB9",
      "HB10",
      "HB11",
      "HB12",
      "HB13",
      "HB14",
      "HB15",
      "HB16",
      "HB17",
      "HB18",
      "HB19",
      "HB20",
      "HB21",
      "HB22",
      "HB23",
      "HB24",
      "HB25"
    ]
  },
  "cardinalities": {
    "num_forests": 23,
    "num_mills": 13,
    "num_products": 3,
    "num_vehicles": 51,
    "num_home_bases": 25
  },
  "vehicles_info": [
    {
      "id": "V1",
      "capacity_GMT": 40,
      "self_loading": false
    },
    {
      "id": "V2",
      "capacity_GMT": 35,
      "self_loading": false
    },
    {
      "id": "V3",
      "capacity_GMT": 35,
      "self_loading": false
    },
    {
      "id": "V4",
      "capacity_GMT": 35,
      "self_loading": false
    },
    {
      "id": "V5",
      "capacity_GMT": 35,
      "self_loading": false
    },
    {
      "id": "V6",
      "capacity_GMT": 40,
      "self_loading": false
    },
    {
      "id": "V7",
      "capacity_GMT": 40,
      "self_loading": false
    },
    {
      "id": "V8",
      "capacity_GMT": 40,
      "self_loading": false
    },
    {
      "id": "V9",
      "capacity_GMT": 40,
      "self_loading": false
    },
    {
      "id": "V10",
      "capacity_GMT": 40,
      "self_loading": false
    },
    {
      "id": "V11",
      "capacity_GMT": 40,
      "self_loading": false
    },
    {
      "id": "V12",
      "capacity_GMT": 40,
      "self_loading": false
    },
    {
      "id": "V13",
      "capacity_GMT": 40,
      "self_loading": false
    },
    {
      "id": "V14",
      "capacity_GMT": 40,
      "self_loading": false
    },
    {
      "id": "V15",
      "capacity_GMT": 40,
      "self_loading": false
    },
    {
      "id": "V16",
      "capacity_GMT": 40,
      "self_loading": false
    },
    {
      "id": "V17",
      "capacity_GMT": 40,
      "self_loading": false
    },
    {
      "id": "V18",
      "capacity_GMT": 40,
      "self_loading": false
    },
    {
      "id": "V19",
      "capacity_GMT": 40,
      "self_loading": false
    },
    {
      "id": "V20",
      "capacity_GMT": 40,
      "self_loading": false
    },
    {
      "id": "V21",
      "capacity_GMT": 40,
      "self_loading": false
    },
    {
      "id": "V22",
      "capacity_GMT": 40,
      "self_loading": false
    },
    {
      "id": "V23",
      "capacity_GMT": 35,
      "self_loading": false
    },
    {
      "id": "V24",
      "capacity_GMT": 40,
      "self_loading": false
    },
    {
      "id": "V25",
      "capacity_GMT": 35,
      "self_loading": false
    },
    {
      "id": "V26",
      "capacity_GMT": 35,
      "self_loading": false
    },
    {
      "id": "V27",
      "capacity_GMT": 40,
      "self_loading": false
    },
    {
      "id": "V28",
      "capacity_GMT": 40,
      "self_loading": false
    },
    {
      "id": "V29",
      "capacity_GMT": 40,
      "self_loading": false
    },
    {
      "id": "V30",
      "capacity_GMT": 40,
      "self_loading": false
    },
    {
      "id": "V31",
      "capacity_GMT": 35,
      "self_loading": false
    },
    {
      "id": "V32",
      "capacity_GMT": 40,
      "self_loading": false
    },
    {
      "id": "V33",
      "capacity_GMT": 40,
      "self_loading": false
    },
    {
      "id": "V34",
      "capacity_GMT": 40,
      "self_loading": false
    },
    {
      "id": "V35",
      "capacity_GMT": 40,
      "self_loading": false
    },
    {
      "id": "V36",
      "capacity_GMT": 40,
      "self_loading": false
    },
    {
      "id": "V37",
      "capacity_GMT": 40,
      "self_loading": false
    },
    {
      "id": "V38",
      "capacity_GMT": 40,
      "self_loading": false
    },
    {
      "id": "V39",
      "capacity_GMT": 40,
      "self_loading": false
    },
    {
      "id": "V40",
      "capacity_GMT": 40,
      "self_loading": false
    },
    {
      "id": "V41",
      "capacity_GMT": 40,
      "self_loading": false
    },
    {
      "id": "V42",
      "capacity_GMT": 40,
      "self_loading": false
    },
    {
      "id": "V43",
      "capacity_GMT": 40,
      "self_loading": false
    },
    {
      "id": "V44",
      "capacity_GMT": 40,
      "self_loading": false
    },
    {
      "id": "V45",
      "capacity_GMT": 35,
      "self_loading": false
    },
    {
      "id": "V46",
      "capacity_GMT": 35,
      "self_loading": false
    },
    {
      "id": "V47",
      "capacity_GMT": 35,
      "self_loading": false
    },
    {
      "id": "V48",
      "capacity_GMT": 35,
      "self_loading": false
    },
    {
      "id": "V49",
      "capacity_GMT": 35,
      "self_loading": false
    },
    {
      "id": "V50",
      "capacity_GMT": 40,
      "self_loading": false
    },
    {
      "id": "V51",
      "capacity_GMT": 40,
      "self_loading": false
    }
  ],
  "home_bases_info": [
    {
      "id": "HB1",
      "vehicles": [
        "V1"
      ]
    },
    {
      "id": "HB2",
      "vehicles": [
        "V2",
        "V3",
        "V5",
        "V20",
        "V43"
      ]
    },
    {
      "id": "HB3",
      "vehicles": [
        "V4",
        "V9",
        "V15",
        "V23",
        "V32",
        "V34",
        "V37",
        "V39",
        "V41",
        "V47",
        "V50"
      ]
    },
    {
      "id": "HB4",
      "vehicles": [
        "V6",
        "V10"
      ]
    },
    {
      "id": "HB5",
      "vehicles": [
        "V7",
        "V8"
      ]
    },
    {
      "id": "HB6",
      "vehicles": [
        "V11"
      ]
    },
    {
      "id": "HB7",
      "vehicles": [
        "V12"
      ]
    },
    {
      "id": "HB8",
      "vehicles": [
        "V13"
      ]
    },
    {
      "id": "HB9",
      "vehicles": [
        "V14"
      ]
    },
    {
      "id": "HB10",
      "vehicles": [
        "V16"
      ]
    },
    {
      "id": "HB11",
      "vehicles": [
        "V17"
      ]
    },
    {
      "id": "HB12",
      "vehicles": [
        "V18",
        "V22",
        "V29",
        "V30",
        "V33"
      ]
    },
    {
      "id": "HB13",
      "vehicles": [
        "V19",
        "V38"
      ]
    },
    {
      "id": "HB14",
      "vehicles": [
        "V21"
      ]
    },
    {
      "id": "HB15",
      "vehicles": [
        "V24"
      ]
    },
    {
      "id": "HB16",
      "vehicles": [
        "V25",
        "V26",
        "V31",
        "V46",
        "V49"
      ]
    },
    {
      "id": "HB17",
      "vehicles": [
        "V27"
      ]
    },
    {
      "id": "HB18",
      "vehicles": [
        "V28"
      ]
    },
    {
      "id": "HB19",
      "vehicles": [
        "V35"
      ]
    },
    {
      "id": "HB20",
      "vehicles": [
        "V36"
      ]
    },
    {
      "id": "HB21",
      "vehicles": [
        "V40"
      ]
    },
    {
      "id": "HB22",
      "vehicles": [
        "V42"
      ]
    },
    {
      "id": "HB23",
      "vehicles": [
        "V44",
        "V51"
      ]
    },
    {
      "id": "HB24",
      "vehicles": [
        "V45"
      ]
    },
    {
      "id": "HB25",
      "vehicles": [
        "V48"
      ]
    }
  ],
  "mills_info": [
    {
      "id": "M1",
      "interval_starts_min": [
        0,
        45,
        90,
        135,
        180,
        225,
        270,
        315,
        360,
        405,
        450,
        495,
        540,
        585,
        630,
        675,
        720,
        765,
        810,
        855,
        900,
        945,
        990,
        1035,
        1080,
        1125,
        1170,
        1215,
        1260,
        1305,
        1350,
        1395
      ],
      "interval_ends_min": [
        45,
        90,
        135,
        180,
        225,
        270,
        315,
        360,
        405,
        450,
        495,
        540,
        585,
        630,
        675,
        720,
        765,
        810,
        855,
        900,
        945,
        990,
        1035,
        1080,
        1125,
        1170,
        1215,
        1260,
        1305,
        1350,
        1395,
        1439
      ]
    },
    {
      "id": "M2",
      "interval_starts_min": [
        480,
        525,
        570,
        615,
        660,
        705,
        750,
        795,
        840,
        885,
        930,
        975
      ],
      "interval_ends_min": [
        525,
        570,
        615,
        660,
        705,
        750,
        795,
        840,
        885,
        930,
        975,
        1020
      ]
    },
    {
      "id": "M3",
      "interval_starts_min": [
        420,
        465,
        510,
        555,
        600,
        645,
        690,
        735,
        780,
        825,
        870,
        915,
        960,
        1005
      ],
      "interval_ends_min": [
        465,
        510,
        555,
        600,
        645,
        690,
        735,
        780,
        825,
        870,
        915,
        960,
        1005,
        1020
      ]
    },
    {
      "id": "M4",
      "interval_starts_min": [
        0,
        45,
        90,
        135,
        180,
        225,
        270,
        315,
        360,
        405,
        450,
        495,
        540,
        585,
        630,
        675,
        720,
        765,
        810,
        855,
        900,
        945,
        990,
        1035,
        1080,
        1125,
        1170,
        1215,
        1260,
        1305,
        1350,
        1395
      ],
      "interval_ends_min": [
        45,
        90,
        135,
        180,
        225,
        270,
        315,
        360,
        405,
        450,
        495,
        540,
        585,
        630,
        675,
        720,
        765,
        810,
        855,
        900,
        945,
        990,
        1035,
        1080,
        1125,
        1170,
        1215,
        1260,
        1305,
        1350,
        1395,
        1439
      ]
    },
    {
      "id": "M5",
      "interval_starts_min": [
        420,
        465,
        510,
        555,
        600,
        645,
        690,
        735,
        780,
        825,
        870,
        915,
        960,
        1005
      ],
      "interval_ends_min": [
        465,
        510,
        555,
        600,
        645,
        690,
        735,
        780,
        825,
        870,
        915,
        960,
        1005,
        1020
      ]
    },
    {
      "id": "M6",
      "interval_starts_min": [
        480,
        525,
        570,
        615,
        660,
        705,
        750,
        795,
        840,
        885,
        930,
        975
      ],
      "interval_ends_min": [
        525,
        570,
        615,
        660,
        705,
        750,
        795,
        840,
        885,
        930,
        975,
        1020
      ]
    },
    {
      "id": "M7",
      "interval_starts_min": [
        420,
        465,
        510,
        555,
        600,
        645,
        690,
        735,
        780,
        825,
        870,
        915,
        960,
        1005
      ],
      "interval_ends_min": [
        465,
        510,
        555,
        600,
        645,
        690,
        735,
        780,
        825,
        870,
        915,
        960,
        1005,
        1020
      ]
    },
    {
      "id": "M8",
      "interval_starts_min": [
        360,
        405,
        450,
        495,
        540,
        585,
        630,
        675,
        720,
        765,
        810,
        855,
        900,
        945,
        990,
        1035
      ],
      "interval_ends_min": [
        405,
        450,
        495,
        540,
        585,
        630,
        675,
        720,
        765,
        810,
        855,
        900,
        945,
        990,
        1035,
        1080
      ]
    },
    {
      "id": "M9",
      "interval_starts_min": [
        420,
        465,
        510,
        555,
        600,
        645,
        690,
        735,
        780,
        825,
        870,
        915
      ],
      "interval_ends_min": [
        465,
        510,
        555,
        600,
        645,
        690,
        735,
        780,
        825,
        870,
        915,
        960
      ]
    },
    {
      "id": "M10",
      "interval_starts_min": [
        420,
        465,
        510,
        555,
        600,
        645,
        690,
        735,
        780,
        825,
        870,
        915,
        960,
        1005
      ],
      "interval_ends_min": [
        465,
        510,
        555,
        600,
        645,
        690,
        735,
        780,
        825,
        870,
        915,
        960,
        1005,
        1020
      ]
    },
    {
      "id": "M11",
      "interval_starts_min": [
        480,
        525,
        570,
        615,
        660,
        705,
        750,
        795,
        840,
        885,
        930,
        975
      ],
      "interval_ends_min": [
        525,
        570,
        615,
        660,
        705,
        750,
        795,
        840,
        885,
        930,
        975,
        1020
      ]
    },
    {
      "id": "M12",
      "interval_starts_min": [
        480,
        525,
        570,
        615,
        660,
        705,
        750,
        795,
        840,
        885,
        930,
        975
      ],
      "interval_ends_min": [
        525,
        570,
        615,
        660,
        705,
        750,
        795,
        840,
        885,
        930,
        975,
        1020
      ]
    },
    {
      "id": "M13",
      "interval_starts_min": [
        540,
        585,
        630,
        675,
        720,
        765,
        810,
        855,
        900,
        945,
        990
      ],
      "interval_ends_min": [
        585,
        630,
        675,
        720,
        765,
        810,
        855,
        900,
        945,
        990,
        1020
      ]
    }
  ],
  "demand_d_mp": {
    "M1|P1": 710,
    "M1|P2": 0,
    "M1|P3": 0,
    "M2|P1": 0,
    "M2|P2": 460,
    "M2|P3": 260,
    "M3|P1": 30,
    "M3|P2": 0,
    "M3|P3": 160,
    "M4|P1": 1660,
    "M4|P2": 0,
    "M4|P3": 0,
    "M5|P1": 0,
    "M5|P2": 260,
    "M5|P3": 0,
    "M6|P1": 390,
    "M6|P2": 0,
    "M6|P3": 0,
    "M7|P1": 0,
    "M7|P2": 410,
    "M7|P3": 460,
    "M8|P1": 850,
    "M8|P2": 0,
    "M8|P3": 0,
    "M9|P1": 0,
    "M9|P2": 1200,
    "M9|P3": 0,
    "M10|P1": 60,
    "M10|P2": 0,
    "M10|P3": 0,
    "M11|P1": 70,
    "M11|P2": 0,
    "M11|P3": 0,
    "M12|P1": 0,
    "M12|P2": 80,
    "M12|P3": 0,
    "M13|P1": 120,
    "M13|P2": 0,
    "M13|P3": 0
  },
  "supply_s_fp": {
    "F1|P1": 60,
    "F1|P2": 290,
    "F1|P3": 0,
    "F2|P1": 90,
    "F2|P2": 30,
    "F2|P3": 70,
    "F3|P1": 970,
    "F3|P2": 260,
    "F3|P3": 350,
    "F4|P1": 350,
    "F4|P2": 350,
    "F4|P3": 220,
    "F5|P1": 0,
    "F5|P2": 90,
    "F5|P3": 0,
    "F6|P1": 390,
    "F6|P2": 340,
    "F6|P3": 0,
    "F7|P1": 120,
    "F7|P2": 250,
    "F7|P3": 60,
    "F8|P1": 770,
    "F8|P2": 90,
    "F8|P3": 0,
    "F9|P1": 220,
    "F9|P2": 0,
    "F9|P3": 0,
    "F10|P1": 0,
    "F10|P2": 160,
    "F10|P3": 0,
    "F11|P1": 130,
    "F11|P2": 80,
    "F11|P3": 0,
    "F12|P1": 40,
    "F12|P2": 0,
    "F12|P3": 0,
    "F13|P1": 120,
    "F13|P2": 70,
    "F13|P3": 120,
    "F14|P1": 0,
    "F14|P2": 0,
    "F14|P3": 60,
    "F15|P1": 0,
    "F15|P2": 80,
    "F15|P3": 0,
    "F16|P1": 210,
    "F16|P2": 0,
    "F16|P3": 0,
    "F17|P1": 60,
    "F17|P2": 0,
    "F17|P3": 0,
    "F18|P1": 140,
    "F18|P2": 200,
    "F18|P3": 0,
    "F19|P1": 0,
    "F19|P2": 40,
    "F19|P3": 0,
    "F20|P1": 90,
    "F20|P2": 0,
    "F20|P3": 0,
    "F21|P1": 30,
    "F21|P2": 0,
    "F21|P3": 0,
    "F22|P1": 60,
    "F22|P2": 80,
    "F22|P3": 0,
    "F23|P1": 30,
    "F23|P2": 0,
    "F23|P3": 0
  },
  "distance_matrices": {
    "mill_to_forest_km": [
      [
        25.896383510612907,
        155.58511764460397,
        50.25729419049078,
        48.491285000786505,
        240.78049221682338,
        85.20273431640123,
        25.896383510612907,
        235.74340235150498,
        260.4820938619896,
        239.0833527910905,
        45.28241356039009,
        235.74340235150498,
        240.7437934438321,
        200.7867996638092,
        234.0092584916181,
        83.36742947224569,
        179.12452307433855,
        80.29427431247937,
        91.64325784273034,
        30.318570719526672,
        179.12452307433855,
        29.158396563116323,
        30.318570719526672
      ],
      [
        111.03750766371157,
        24.95104611553218,
        106.6917739919449,
        82.65580994223653,
        118.44479169770653,
        115.08392755452012,
        111.03750766371157,
        105.97611000011109,
        165.6516903946655,
        116.32034690858386,
        86.18481036854894,
        105.97611000011109,
        119.05772615709091,
        95.32316251201436,
        105.32579978174232,
        130.89118456204588,
        89.21855691214608,
        98.29030456431606,
        110.47016245352854,
        134.7613065163506,
        89.21855691214608,
        128.60158897260564,
        134.7613065163506
      ],
      [
        61.35849211748347,
        92.61909118665771,
        73.15045391794055,
        33.18830387630631,
        185.82886548784532,
        101.56851473310275,
        61.35849211748347,
        173.36587961436075,
        224.01988914847254,
        183.77883078376607,
        37.33180391154452,
        173.36587961436075,
        186.30398602677425,
        156.1366244851758,
        173.10248090067603,
        111.52040005043607,
        141.90416481157993,
        86.00326022859221,
        102.2082157619705,
        87.48155209382716,
        141.90416481157993,
        81.82871598612878,
        87.48155209382716
      ],
      [
        199.13118961185643,
        75.6717857277423,
        185.84703447191004,
        175.1454484767609,
        19.50159157815152,
        176.4282456053965,
        199.13118961185643,
        31.689924664966583,
        91.33193820131332,
        17.29776036191876,
        177.78424505527764,
        31.689924664966583,
        20.410145496635547,
        44.47583115166018,
        24.036093425714498,
        193.04734478234053,
        70.05499078214423,
        164.46274940880454,
        168.57637842890247,
        218.35025230079506,
        70.05499078214423,
        212.6012981958135,
        218.35025230079506
      ],
      [
        52.44153896569749,
        109.11846296796826,
        69.49443488967357,
        30.11478049693159,
        201.82881003950925,
        101.79390636305207,
        52.44153896569749,
        189.94954674816952,
        237.5394324819136,
        199.8118670054616,
        33.20775677734237,
        189.94954674816952,
        202.24895920334154,
        170.60174427285418,
        189.6055434022711,
        109.49705990421604,
        154.96361489198864,
        87.78834837258779,
        103.82243924217687,
        77.66629217061418,
        154.96361489198864,
        72.51725553399086,
        77.66629217061418
      ],
      [
        115.7191895929992,
        209.40988296164898,
        141.85102888478468,
        120.82721541946104,
        303.7686876412624,
        177.91703543218563,
        115.7191895929992,
        288.6805136113258,
        339.53923015436624,
        301.6706467310365,
        120.56596365510391,
        288.6805136113258,
        304.31558549056797,
        273.4558057530949,
        289.2729836140963,
        176.71915221930942,
        256.73488286532233,
        170.68566494676688,
        183.71579913256932,
        122.1986189754793,
        256.73488286532233,
        122.25204501903488,
        122.1986189754793
      ],
      [
        115.42286731783425,
        67.47312615654076,
        122.78915783778737,
        85.72603999878643,
        160.41420614628032,
        143.99505409094706,
        115.42286731783425,
        138.54083018072924,
        216.1908526143442,
        158.06025455651584,
        90.03488730490504,
        138.54083018072924,
        161.50154916769094,
        145.76892222636434,
        140.4832484574192,
        157.0919309694297,
        141.2937975047244,
        126.87267114542736,
        142.0482277570589,
        141.60558026549646,
        141.2937975047244,
        135.76444690053438,
        141.60558026549646
      ],
      [
        119.83307826675652,
        152.48700526289116,
        93.71426626966921,
        125.65117103476486,
        181.98190462062163,
        57.32434702623593,
        119.83307826675652,
        200.35239523408,
        156.26482490022494,
        181.6727060315181,
        123.5301658240358,
        200.35239523408,
        180.59221486537493,
        129.94769883009585,
        194.263593758822,
        60.7613732055694,
        102.50290423212601,
        67.73769111003607,
        52.458071058517895,
        116.03067066684743,
        102.50290423212601,
        114.33481826255664,
        116.03067066684743
      ],
      [
        58.84636406636532,
        179.72705533537143,
        51.99263394378948,
        86.8672740910572,
        248.30221839058157,
        59.094754104364775,
        58.84636406636532,
        252.90082372254136,
        247.56396178048934,
        247.12062102857448,
        82.57954835010183,
        252.90082372254136,
        247.6759396583177,
        200.53135678411633,
        249.27228619871636,
        45.310114515378494,
        174.30094789955777,
        68.4008143940994,
        67.72950419713855,
        34.54456798361349,
        174.30094789955777,
        38.92016740548801,
        34.54456798361349
      ],
      [
        290.0318874264701,
        177.3032708919392,
        272.20494283389417,
        269.8329471567801,
        82.6879861467798,
        253.43086145609297,
        290.0318874264701,
        111.69601001839288,
        75.84712195513886,
        85.06056483710596,
        271.82919044084434,
        111.69601001839288,
        81.5993069633702,
        114.4576279351844,
        106.72855339367358,
        268.4023116567704,
        138.59752262818677,
        245.87583298222265,
        244.82644091239231,
        305.3249762695098,
        138.59752262818677,
        300.15970041874647,
        305.3249762695098
      ],
      [
        63.55421640755344,
        91.40922729127655,
        75.17721990751106,
        35.29667031337893,
        184.89128894665566,
        103.30154048680652,
        63.55421640755344,
        172.05178361208587,
        223.82520703017263,
        182.82651906065166,
        39.4588800975926,
        172.05178361208587,
        185.39071725495853,
        155.72700090023565,
        171.87129878403405,
        113.41003332465675,
        141.84772737385393,
        87.62550500132379,
        103.82145769163212,
        89.67944945952439,
        141.84772737385393,
        84.02393251248739,
        89.67944945952439
      ],
      [
        203.76070157036142,
        88.58974958481687,
        205.21007470639472,
        173.54376066066592,
        129.04711104130092,
        216.60274550721644,
        203.76070157036142,
        92.64826949098953,
        206.80154061615022,
        126.69718099711547,
        177.72619463213442,
        92.64826949098953,
        131.11328289805127,
        147.16305579640633,
        99.235775229723,
        232.29274949471838,
        159.795957845044,
        199.73829309970668,
        211.9430691216034,
        229.44330829433503,
        159.795957845044,
        223.34830554676927,
        229.44330829433503
      ],
      [
        61.68148901708776,
        181.76778549195126,
        54.2984915313128,
        89.57720430216652,
        249.6094720172124,
        59.874038700284665,
        61.68148901708776,
        254.5784379791574,
        247.9706036232701,
        248.45043324474085,
        85.29474280657702,
        254.5784379791574,
        248.96005789259388,
        201.59871661973122,
        250.8828598853629,
        45.57994270605832,
        175.23619554063134,
        69.78005723115442,
        68.47481232249895,
        37.43670842962334,
        175.23619554063134,
        41.797442975920326,
        37.43670842962334
      ]
    ],
    "forest_to_mill_km": [
      [
        25.896383510612907,
        111.03750766371157,
        61.35849211748347,
        199.13118961185643,
        52.44153896569749,
        115.7191895929992,
        115.42286731783425,
        119.83307826675652,
        58.84636406636532,
        290.0318874264701,
        63.55421640755344,
        203.76070157036142,
        61.68148901708776
      ],
      [
        155.58511764460397,
        24.95104611553218,
        92.61909118665771,
        75.6717857277423,
        109.11846296796826,
        209.40988296164898,
        67.47312615654076,
        152.48700526289116,
        179.72705533537143,
        177.3032708919392,
        91.40922729127655,
        88.58974958481687,
        181.76778549195126
      ],
      [
        50.25729419049078,
        106.6917739919449,
        73.15045391794055,
        185.84703447191004,
        69.49443488967357,
        141.85102888478468,
        122.78915783778737,
        93.71426626966921,
        51.99263394378948,
        272.20494283389417,
        75.17721990751106,
        205.21007470639472,
        54.2984915313128
      ],
      [
        48.491285000786505,
        82.65580994223653,
        33.18830387630631,
        175.1454484767609,
        30.11478049693159,
        120.82721541946104,
        85.72603999878643,
        125.65117103476486,
        86.8672740910572,
        269.8329471567801,
        35.29667031337893,
        173.54376066066592,
        89.57720430216652
      ],
      [
        240.78049221682338,
        118.44479169770653,
        185.82886548784532,
        19.50159157815152,
        201.82881003950925,
        303.7686876412624,
        160.41420614628032,
        181.98190462062163,
        248.30221839058157,
        82.6879861467798,
        184.89128894665566,
        129.04711104130092,
        249.6094720172124
      ],
      [
        85.20273431640123,
        115.08392755452012,
        101.56851473310275,
        176.4282456053965,
        101.79390636305207,
        177.91703543218563,
        143.99505409094706,
        57.32434702623593,
        59.094754104364775,
        253.43086145609297,
        103.30154048680652,
        216.60274550721644,
        59.874038700284665
      ],
      [
        25.896383510612907,
        111.03750766371157,
        61.35849211748347,
        199.13118961185643,
        52.44153896569749,
        115.7191895929992,
        115.42286731783425,
        119.83307826675652,
        58.84636406636532,
        290.0318874264701,
        63.55421640755344,
        203.76070157036142,
        61.68148901708776
      ],
      [
        235.74340235150498,
        105.97611000011109,
        173.36587961436075,
        31.689924664966583,
        189.94954674816952,
        288.6805136113258,
        138.54083018072924,
        200.35239523408,
        252.90082372254136,
        111.69601001839288,
        172.05178361208587,
        92.64826949098953,
        254.5784379791574
      ],
      [
        260.4820938619896,
        165.6516903946655,
        224.01988914847254,
        91.33193820131332,
        237.5394324819136,
        339.53923015436624,
        216.1908526143442,
        156.26482490022494,
        247.56396178048934,
        75.84712195513886,
        223.82520703017263,
        206.80154061615022,
        247.9706036232701
      ],
      [
        239.0833527910905,
        116.32034690858386,
        183.77883078376607,
        17.29776036191876,
        199.8118670054616,
        301.6706467310365,
        158.06025455651584,
        181.6727060315181,
        247.12062102857448,
        85.06056483710596,
        182.82651906065166,
        126.69718099711547,
        248.45043324474085
      ],
      [
        45.28241356039009,
        86.18481036854894,
        37.33180391154452,
        177.78424505527764,
        33.20775677734237,
        120.56596365510391,
        90.03488730490504,
        123.5301658240358,
        82.57954835010183,
        271.82919044084434,
        39.4588800975926,
        177.72619463213442,
        85.29474280657702
      ],
      [
        235.74340235150498,
        105.97611000011109,
        173.36587961436075,
        31.689924664966583,
        189.94954674816952,
        288.6805136113258,
        138.54083018072924,
        200.35239523408,
        252.90082372254136,
        111.69601001839288,
        172.05178361208587,
        92.64826949098953,
        254.5784379791574
      ],
      [
        240.7437934438321,
        119.05772615709091,
        186.30398602677425,
        20.410145496635547,
        202.24895920334154,
        304.31558549056797,
        161.50154916769094,
        180.59221486537493,
        247.6759396583177,
        81.5993069633702,
        185.39071725495853,
        131.11328289805127,
        248.96005789259388
      ],
      [
        200.7867996638092,
        95.32316251201436,
        156.1366244851758,
        44.47583115166018,
        170.60174427285418,
        273.4558057530949,
        145.76892222636434,
        129.94769883009585,
        200.53135678411633,
        114.4576279351844,
        155.72700090023565,
        147.16305579640633,
        201.59871661973122
      ],
      [
        234.0092584916181,
        105.32579978174232,
        173.10248090067603,
        24.036093425714498,
        189.6055434022711,
        289.2729836140963,
        140.4832484574192,
        194.263593758822,
        249.27228619871636,
        106.72855339367358,
        171.87129878403405,
        99.235775229723,
        250.8828598853629
      ],
      [
        83.36742947224569,
        130.89118456204588,
        111.52040005043607,
        193.04734478234053,
        109.49705990421604,
        176.71915221930942,
        157.0919309694297,
        60.7613732055694,
        45.310114515378494,
        268.4023116567704,
        113.41003332465675,
        232.29274949471838,
        45.57994270605832
      ],
      [
        179.12452307433855,
        89.21855691214608,
        141.90416481157993,
        70.05499078214423,
        154.96361489198864,
        256.73488286532233,
        141.2937975047244,
        102.50290423212601,
        174.30094789955777,
        138.59752262818677,
        141.84772737385393,
        159.795957845044,
        175.23619554063134
      ],
      [
        80.29427431247937,
        98.29030456431606,
        86.00326022859221,
        164.46274940880454,
        87.78834837258779,
        170.68566494676688,
        126.87267114542736,
        67.73769111003607,
        68.4008143940994,
        245.87583298222265,
        87.62550500132379,
        199.73829309970668,
        69.78005723115442
      ],
      [
        91.64325784273034,
        110.47016245352854,
        102.2082157619705,
        168.57637842890247,
        103.82243924217687,
        183.71579913256932,
        142.0482277570589,
        52.458071058517895,
        67.72950419713855,
        244.82644091239231,
        103.82145769163212,
        211.9430691216034,
        68.47481232249895
      ],
      [
        30.318570719526672,
        134.7613065163506,
        87.48155209382716,
        218.35025230079506,
        77.66629217061418,
        122.1986189754793,
        141.60558026549646,
        116.03067066684743,
        34.54456798361349,
        305.3249762695098,
        89.67944945952439,
        229.44330829433503,
        37.43670842962334
      ],
      [
        179.12452307433855,
        89.21855691214608,
        141.90416481157993,
        70.05499078214423,
        154.96361489198864,
        256.73488286532233,
        141.2937975047244,
        102.50290423212601,
        174.30094789955777,
        138.59752262818677,
        141.84772737385393,
        159.795957845044,
        175.23619554063134
      ],
      [
        29.158396563116323,
        128.60158897260564,
        81.82871598612878,
        212.6012981958135,
        72.51725553399086,
        122.25204501903488,
        135.76444690053438,
        114.33481826255664,
        38.92016740548801,
        300.15970041874647,
        84.02393251248739,
        223.34830554676927,
        41.797442975920326
      ],
      [
        30.318570719526672,
        134.7613065163506,
        87.48155209382716,
        218.35025230079506,
        77.66629217061418,
        122.1986189754793,
        141.60558026549646,
        116.03067066684743,
        34.54456798361349,
        305.3249762695098,
        89.67944945952439,
        229.44330829433503,
        37.43670842962334
      ]
    ],
    "mill_to_homebase_km": [
      [
        5.0206296655291185,
        129.69159675290754,
        129.69159675290754,
        72.79631558566805,
        72.79631558566805,
        129.69159675290754,
        108.66781589941147,
        142.51607816517011,
        163.65418851806191,
        16.757574082491143,
        134.3311525609394,
        232.53928123382488,
        90.0447383032015,
        138.82276612218502,
        36.321098039761125,
        252.35266820718047,
        83.04001250806691,
        232.53928123382488,
        60.17161416319093,
        20.980625405612898,
        240.2460079227353,
        229.27107278468878,
        139.53345620541518,
        107.70482606835631,
        33.28147633608896
      ],
      [
        128.69013558586948,
        31.34296272746293,
        31.34296272746293,
        68.04927428814096,
        68.04927428814096,
        31.34296272746293,
        156.79873809064273,
        146.18327438641242,
        119.07561400338317,
        119.76399908650434,
        208.6805352668468,
        102.85546908363186,
        153.40020170919627,
        87.83115517462258,
        97.77457302549654,
        133.4498538918508,
        83.36319348587774,
        102.85546908363186,
        82.94235330678788,
        138.6554342580973,
        112.467157597247,
        100.94829411621278,
        95.98233267556277,
        155.23321695834892,
        106.83899056186216
      ],
      [
        71.50864717754143,
        58.506313473535194,
        58.506313473535194,
        1.1229916608538464,
        1.1229916608538464,
        58.506313473535194,
        141.55926985866108,
        153.38967422149219,
        149.6748291758967,
        57.35856201116732,
        184.39066110812354,
        170.30623787316173,
        129.7662607612333,
        73.54852860851109,
        35.81391333878683,
        200.12074307740508,
        75.99742849143098,
        170.30623787316173,
        15.117068802544216,
        86.40569305597465,
        180.35994620258842,
        168.80153259699134,
        76.99920712662122,
        140.10371395813465,
        61.408867487286244
      ],
      [
        219.39926222954497,
        121.16454981143066,
        121.16454981143066,
        166.77440839650757,
        166.77440839650757,
        121.16454981143066,
        208.96577191803235,
        175.13900654208592,
        124.65533423209042,
        214.16391917690783,
        262.20345975687854,
        29.859669746896916,
        214.62513384889496,
        171.77417903023914,
        193.18169850899082,
        36.11636802283669,
        152.03216737608378,
        29.859669746896916,
        181.36748192125214,
        225.28943394586008,
        23.54904864834822,
        20.355484034812935,
        180.42112138611577,
        207.61893641121944,
        193.18453845759822
      ],
      [
        58.525202486153326,
        74.61980712121847,
        74.61980712121847,
        16.79031885297421,
        16.79031885297421,
        74.61980712121847,
        139.4193277425584,
        156.5838495267329,
        158.2252667084831,
        42.586917624926336,
        178.73817485539644,
        186.880922683221,
        125.7060508372875,
        81.81954100451433,
        23.01059780321532,
        215.84583456149582,
        80.17396082441618,
        186.880922683221,
        1.8059919705943064,
        74.77038755143411,
        196.8022920841592,
        185.27045423975449,
        83.71876542682719,
        138.0430681115767,
        54.38536980859724
      ],
      [
        98.33166550713743,
        168.10554581258936,
        168.10554581258936,
        117.90653591901044,
        117.90653591901044,
        168.10554581258936,
        201.04861794233375,
        235.6427884926574,
        251.95360719427987,
        87.72892352238937,
        218.11670825969924,
        285.76609449301424,
        181.63037229575332,
        141.95315035064482,
        100.23005327515814,
        318.3017481293556,
        169.75662292862629,
        285.76609449301424,
        103.9770119077199,
        110.7990261618924,
        296.9223339149397,
        285.2459461187458,
        137.05080733580542,
        200.19988812229724,
        122.93416996089933
      ],
      [
        126.25186150915731,
        21.310209960574518,
        21.310209960574518,
        54.0381161522299,
        54.0381161522299,
        21.310209960574518,
        186.219781606931,
        186.79369516527433,
        167.78710888467563,
        111.26234357691324,
        233.5179177113947,
        135.89392934475853,
        177.6838721796862,
        35.84801873215514,
        90.42315666759943,
        177.08370537202492,
        113.39228874003462,
        135.89392934475853,
        66.9047255441575,
        141.13555812719113,
        148.73156256681946,
        137.12081349536632,
        43.90535802892076,
        184.67759948976322,
        114.46301084139026
      ],
      [
        137.15106456475405,
        169.62406104371186,
        169.62406104371186,
        152.79633191207262,
        152.79633191207262,
        169.62406104371186,
        51.082686807935474,
        2.9425827028963627,
        50.49044303948454,
        148.23327257109335,
        95.78225768491788,
        197.49330459276877,
        68.27290925123062,
        217.00217770824105,
        142.65548437798842,
        183.68454812246847,
        75.71419325636492,
        197.49330459276877,
        155.65308490363583,
