{
  "metadata": {
    "instance_id": "W10",
    "week_dates": "2024-11-24|2024-11-28",
    "anonymized": true,
    "time_unit": "minutes",
    "distance_unit": "km",
    "volume_unit": "GMT"
  },
  "sets": {
    "forests": [
      "F1",
      "F2",
      "F3",
      "F4",
      "F5",
      "F6",
      "F7",
      "F8",
      "F9",
      "F10",
      "F11",
      "F12",
      "F13",
      "F14",
      "F15",
      "F16",
      "F17",
      "F18",
      "F19",
      "F20",
      "F21",
      "F22",
      "F23"
    ],
    "mills": [
      "M1",
      "M2",
      "M3",
      "M4",
      "M5",
      "M6",
      "M7",
      "M8",
      "M9",
      "M10",
      "M11",
      "M12",
      "M13",
      "M14",
      "M15"
    ],
    "products": [
      "P1",
      "P2",
      "P3"
    ],
    "vehicles": [
      "V1",
      "V2",
      "V3",
      "V4",
      "V5",
      "V6",
      "V7",
      "V8",
      "V9",
      "V10",
      "V11",
      "V12",
      "V13",
      "V14",
      "V15",
      "V16",
      "V17",
      "V18",
      "V19",
      "V20",
      "V21",
      "V22",
      "V23",
      "V24",
      "V25",
      "V26",
      "V27",
      "V28",
      "V29",
      "V30",
      "V31",
      "V32",
      "V33",
      "V34",
      "V35",
      "V36",
      "V37",
      "V38",
      "V39",
      "V40",
      "V41",
      "V42",
      "V43",
      "V44",
      "V45",
      "V46",
      "V47",
      "V48",
      "V49",
      "V50",
      "V51",
      "V52",
      "V53"
    ],
    "home_bases": [
      "HB1",
      "HB2",
      "HB3",
      "HB4",
      "HB5",
      "HB6",
      "HB7",
      "HB8",
      "HB9",
      "HB10",
      "HB11",
      "HB12",
      "HB13",
      "HB14",
      "HB15",
      "HB16",
      "HB17"
    ]
  },
  "cardinalities": {
    "num_forests": 23,
    "num_mills": 15,
    "num_products": 3,
    "num_vehicles": 53,
    "num_home_bases": 17
  },
  "vehicles_info": [
    {
      "id": "V1",
      "capacity_GMT": 40,
      "self_loading": false
    },
    {
      "id": "V2",
      "capacity_GMT": 40,
      "self_loading": false
    },
    {
      "id": "V3",
      "capacity_GMT": 40,
      "self_loading": false
    },
    {
      "id": "V4",
      "capacity_GMT": 40,
      "self_loading": false
    },
    {
      "id": "V5",
      "capacity_GMT": 40,
      "self_loading": false
    },
    {
      "id": "V6",
      "capacity_GMT": 40,
      "self_loading": false
    },
    {
      "id": "V7",
      "capacity_GMT": 40,
      "self_loading": false
    },
    {
      "id": "V8",
      "capacity_GMT": 40,
      "self_loading": false
    },
    {
      "id": "V9",
      "capacity_GMT": 40,
      "self_loading": false
    },
    {
      "id": "V10",
      "capacity_GMT": 40,
      "self_loading": false
    },
    {
      "id": "V11",
      "capacity_GMT": 40,
      "self_loading": false
    },
    {
      "id": "V12",
      "capacity_GMT": 40,
      "self_loading": false
    },
    {
      "id": "V13",
      "capacity_GMT": 35,
      "self_loading": false
    },
    {
      "id": "V14",
      "capacity_GMT": 35,
      "self_loading": false
    },
    {
      "id": "V15",
      "capacity_GMT": 40,
      "self_loading": false
    },
    {
      "id": "V16",
      "capacity_GMT": 35,
      "self_loading": false
    },
    {
      "id": "V17",
      "capacity_GMT": 40,
      "self_loading": false
    },
    {
      "id": "V18",
      "capacity_GMT": 40,
      "self_loading": false
    },
    {
      "id": "V19",
      "capacity_GMT": 40,
      "self_loading": false
    },
    {
      "id": "V20",
      "capacity_GMT": 40,
      "self_loading": false
    },
    {
      "id": "V21",
      "capacity_GMT": 40,
      "self_loading": false
    },
    {
      "id": "V22",
      "capacity_GMT": 35,
      "self_loading": false
    },
    {
      "id": "V23",
      "capacity_GMT": 40,
      "self_loading": false
    },
    {
      "id": "V24",
      "capacity_GMT": 40,
      "self_loading": false
    },
    {
      "id": "V25",
      "capacity_GMT": 40,
      "self_loading": false
    },
    {
      "id": "V26",
      "capacity_GMT": 40,
      "self_loading": false
    },
    {
      "id": "V27",
      "capacity_GMT": 40,
      "self_loading": false
    },
    {
      "id": "V28",
      "capacity_GMT": 40,
      "self_loading": false
    },
    {
      "id": "V29",
      "capacity_GMT": 40,
      "self_loading": false
    },
    {
      "id": "V30",
      "capacity_GMT": 40,
      "self_loading": false
    },
    {
      "id": "V31",
      "capacity_GMT": 40,
      "self_loading": false
    },
    {
      "id": "V32",
      "capacity_GMT": 40,
      "self_loading": false
    },
    {
      "id": "V33",
      "capacity_GMT": 40,
      "self_loading": false
    },
    {
      "id": "V34",
      "capacity_GMT": 40,
      "self_loading": false
    },
    {
      "id": "V35",
      "capacity_GMT": 40,
      "self_loading": false
    },
    {
      "id": "V36",
      "capacity_GMT": 40,
      "self_loading": false
    },
    {
      "id": "V37",
      "capacity_GMT": 40,
      "self_loading": false
    },
    {
      "id": "V38",
      "capacity_GMT": 40,
      "self_loading": false
    },
    {
      "id": "V39",
      "capacity_GMT": 40,
      "self_loading": false
    },
    {
      "id": "V40",
      "capacity_GMT": 40,
      "self_loading": false
    },
    {
      "id": "V41",
      "capacity_GMT": 40,
      "self_loading": false
    },
    {
      "id": "V42",
      "capacity_GMT": 40,
      "self_loading": false
    },
    {
      "id": "V43",
      "capacity_GMT": 40,
      "self_loading": false
    },
    {
      "id": "V44",
      "capacity_GMT": 40,
      "self_loading": false
    },
    {
      "id": "V45",
      "capacity_GMT": 35,
      "self_loading": false
    },
    {
      "id": "V46",
      "capacity_GMT": 40,
      "self_loading": false
    },
    {
      "id": "V47",
      "capacity_GMT": 40,
      "self_loading": false
    },
    {
      "id": "V48",
      "capacity_GMT": 40,
      "self_loading": false
    },
    {
      "id": "V49",
      "capacity_GMT": 40,
      "self_loading": false
    },
    {
      "id": "V50",
      "capacity_GMT": 35,
      "self_loading": false
    },
    {
      "id": "V51",
      "capacity_GMT": 35,
      "self_loading": false
    },
    {
      "id": "V52",
      "capacity_GMT": 40,
      "self_loading": false
    },
    {
      "id": "V53",
      "capacity_GMT": 40,
      "self_loading": false
    }
  ],
  "home_bases_info": [
    {
      "id": "HB1",
      "vehicles": [
        "V1",
        "V2",
        "V7",
        "V23",
        "V26",
        "V33",
        "V35",
        "V36",
        "V37",
        "V39",
        "V40",
        "V42",
        "V49",
        "V52",
        "V53"
      ]
    },
    {
      "id": "HB2",
      "vehicles": [
        "V3",
        "V4"
      ]
    },
    {
      "id": "HB3",
      "vehicles": [
        "V5",
        "V8",
        "V10",
        "V11",
        "V19",
        "V20",
        "V21",
        "V25"
      ]
    },
    {
      "id": "HB4",
      "vehicles": [
        "V6",
        "V9",
        "V12",
        "V15",
        "V17",
        "V18",
        "V24",
        "V27",
        "V32",
        "V41"
      ]
    },
    {
      "id": "HB5",
      "vehicles": [
        "V13",
        "V14",
        "V16",
        "V22",
        "V45"
      ]
    },
    {
      "id": "HB6",
      "vehicles": [
        "V28"
      ]
    },
    {
      "id": "HB7",
      "vehicles": [
        "V29"
      ]
    },
    {
      "id": "HB8",
      "vehicles": [
        "V30"
      ]
    },
    {
      "id": "HB9",
      "vehicles": [
        "V31"
      ]
    },
    {
      "id": "HB10",
      "vehicles": [
        "V34"
      ]
    },
    {
      "id": "HB11",
      "vehicles": [
        "V38"
      ]
    },
    {
      "id": "HB12",
      "vehicles": [
        "V43"
      ]
    },
    {
      "id": "HB13",
      "vehicles": [
        "V44",
        "V46"
      ]
    },
    {
      "id": "HB14",
      "vehicles": [
        "V47"
      ]
    },
    {
      "id": "HB15",
      "vehicles": [
        "V48"
      ]
    },
    {
      "id": "HB16",
      "vehicles": [
        "V50"
      ]
    },
    {
      "id": "HB17",
      "vehicles": [
        "V51"
      ]
    }
  ],
  "mills_info": [
    {
      "id": "M1",
      "interval_starts_min": [
        480,
        525,
        570,
        615,
        660,
        705,
        750,
        795,
        840,
        885,
        930,
        975
      ],
      "interval_ends_min": [
        525,
        570,
        615,
        660,
        705,
        750,
        795,
        840,
        885,
        930,
        975,
        1020
      ]
    },
    {
      "id": "M2",
      "interval_starts_min": [
        480,
        525,
        570,
        615,
        660,
        705,
        750,
        795,
        840,
        885,
        930,
        975
      ],
      "interval_ends_min": [
        525,
        570,
        615,
        660,
        705,
        750,
        795,
        840,
        885,
        930,
        975,
        1020
      ]
    },
    {
      "id": "M3",
      "interval_starts_min": [
        420,
        465,
        510,
        555,
        600,
        645,
        690,
        735,
        780,
        825,
        870,
        915,
        960,
        1005
      ],
      "interval_ends_min": [
        465,
        510,
        555,
        600,
        645,
        690,
        735,
        780,
        825,
        870,
        915,
        960,
        1005,
        1020
      ]
    },
    {
      "id": "M4",
      "interval_starts_min": [
        420,
        465,
        510,
        555,
        600,
        645,
        690,
        735,
        780,
        825,
        870,
        915,
        960,
        1005
      ],
      "interval_ends_min": [
        465,
        510,
        555,
        600,
        645,
        690,
        735,
        780,
        825,
        870,
        915,
        960,
        1005,
        1020
      ]
    },
    {
      "id": "M5",
      "interval_starts_min": [
        480,
        525,
        570,
        615,
        660,
        705,
        750,
        795,
        840,
        885,
        930,
        975
      ],
      "interval_ends_min": [
        525,
        570,
        615,
        660,
        705,
        750,
        795,
        840,
        885,
        930,
        975,
        1020
      ]
    },
    {
      "id": "M6",
      "interval_starts_min": [
        420,
        465,
        510,
        555,
        600,
        645,
        690,
        735,
        780,
        825,
        870,
        915,
        960,
        1005
      ],
      "interval_ends_min": [
        465,
        510,
        555,
        600,
        645,
        690,
        735,
        780,
        825,
        870,
        915,
        960,
        1005,
        1020
      ]
    },
    {
      "id": "M7",
      "interval_starts_min": [
        0,
        45,
        90,
        135,
        180,
        225,
        270,
        315,
        360,
        405,
        450,
        495,
        540,
        585,
        630,
        675,
        720,
        765,
        810,
        855,
        900,
        945,
        990,
        1035,
        1080,
        1125,
        1170,
        1215,
        1260,
        1305,
        1350,
        1395
      ],
      "interval_ends_min": [
        45,
        90,
        135,
        180,
        225,
        270,
        315,
        360,
        405,
        450,
        495,
        540,
        585,
        630,
        675,
        720,
        765,
        810,
        855,
        900,
        945,
        990,
        1035,
        1080,
        1125,
        1170,
        1215,
        1260,
        1305,
        1350,
        1395,
        1439
      ]
    },
    {
      "id": "M8",
      "interval_starts_min": [
        420,
        465,
        510,
        555,
        600,
        645,
        690,
        735,
        780,
        825,
        870,
        915,
        960,
        1005
      ],
      "interval_ends_min": [
        465,
        510,
        555,
        600,
        645,
        690,
        735,
        780,
        825,
        870,
        915,
        960,
        1005,
        1020
      ]
    },
    {
      "id": "M9",
      "interval_starts_min": [
        420,
        465,
        510,
        555,
        600,
        645,
        690,
        735,
        780,
        825,
        870,
        915,
        960,
        1005
      ],
      "interval_ends_min": [
        465,
        510,
        555,
        600,
        645,
        690,
        735,
        780,
        825,
        870,
        915,
        960,
        1005,
        1020
      ]
    },
    {
      "id": "M10",
      "interval_starts_min": [
        0,
        45,
        90,
        135,
        180,
        225,
        270,
        315,
        360,
        405,
        450,
        495,
        540,
        585,
        630,
        675,
        720,
        765,
        810,
        855,
        900,
        945,
        990,
        1035,
        1080,
        1125,
        1170,
        1215,
        1260,
        1305,
        1350,
        1395
      ],
      "interval_ends_min": [
        45,
        90,
        135,
        180,
        225,
        270,
        315,
        360,
        405,
        450,
        495,
        540,
        585,
        630,
        675,
        720,
        765,
        810,
        855,
        900,
        945,
        990,
        1035,
        1080,
        1125,
        1170,
        1215,
        1260,
        1305,
        1350,
        1395,
        1439
      ]
    },
    {
      "id": "M11",
      "interval_starts_min": [
        420,
        465,
        510,
        555,
        600,
        645,
        690,
        735,
        780,
        825,
        870,
        915,
        960,
        1005
      ],
      "interval_ends_min": [
        465,
        510,
        555,
        600,
        645,
        690,
        735,
        780,
        825,
        870,
        915,
        960,
        1005,
        1020
      ]
    },
    {
      "id": "M12",
      "interval_starts_min": [
        420,
        465,
        510,
        555,
        600,
        645,
        690,
        735,
        780,
        825,
        870,
        915
      ],
      "interval_ends_min": [
        465,
        510,
        555,
        600,
        645,
        690,
        735,
        780,
        825,
        870,
        915,
        960
      ]
    },
    {
      "id": "M13",
      "interval_starts_min": [
        420,
        465,
        510,
        555,
        600,
        645,
        690,
        735,
        780,
        825,
        870,
        915,
        960,
        1005
      ],
      "interval_ends_min": [
        465,
        510,
        555,
        600,
        645,
        690,
        735,
        780,
        825,
        870,
        915,
        960,
        1005,
        1020
      ]
    },
    {
      "id": "M14",
      "interval_starts_min": [
        480,
        525,
        570,
        615,
        660,
        705,
        750,
        795,
        840,
        885,
        930,
        975
      ],
      "interval_ends_min": [
        525,
        570,
        615,
        660,
        705,
        750,
        795,
        840,
        885,
        930,
        975,
        1020
      ]
    },
    {
      "id": "M15",
      "interval_starts_min": [
        360,
        405,
        450,
        495,
        540,
        585,
        630,
        675,
        720,
        765,
        810,
        855,
        900,
        945,
        990,
        1035
      ],
      "interval_ends_min": [
        405,
        450,
        495,
        540,
        585,
        630,
        675,
        720,
        765,
        810,
        855,
        900,
        945,
        990,
        1035,
        1080
      ]
    }
  ],
  "demand_d_mp": {
    "M1|P1": 300,
    "M1|P2": 0,
    "M1|P3": 0,
    "M2|P1": 140,
    "M2|P2": 0,
    "M2|P3": 0,
    "M3|P1": 0,
    "M3|P2": 190,
    "M3|P3": 640,
    "M4|P1": 0,
    "M4|P2": 1320,
    "M4|P3": 620,
    "M5|P1": 0,
    "M5|P2": 900,
    "M5|P3": 350,
    "M6|P1": 620,
    "M6|P2": 290,
    "M6|P3": 0,
    "M7|P1": 2060,
    "M7|P2": 40,
    "M7|P3": 0,
    "M8|P1": 0,
    "M8|P2": 0,
    "M8|P3": 1960,
    "M9|P1": 210,
    "M9|P2": 0,
    "M9|P3": 0,
    "M10|P1": 420,
    "M10|P2": 0,
    "M10|P3": 0,
    "M11|P1": 0,
    "M11|P2": 30,
    "M11|P3": 0,
    "M12|P1": 0,
    "M12|P2": 0,
    "M12|P3": 130,
    "M13|P1": 30,
    "M13|P2": 0,
    "M13|P3": 0,
    "M14|P1": 30,
    "M14|P2": 0,
    "M14|P3": 0,
    "M15|P1": 160,
    "M15|P2": 0,
    "M15|P3": 0
  },
  "supply_s_fp": {
    "F1|P1": 100,
    "F1|P2": 0,
    "F1|P3": 0,
    "F2|P1": 30,
    "F2|P2": 0,
    "F2|P3": 0,
    "F3|P1": 730,
    "F3|P2": 190,
    "F3|P3": 640,
    "F4|P1": 800,
    "F4|P2": 1070,
    "F4|P3": 1090,
    "F5|P1": 350,
    "F5|P2": 390,
    "F5|P3": 0,
    "F6|P1": 20,
    "F6|P2": 10,
    "F6|P3": 0,
    "F7|P1": 270,
    "F7|P2": 150,
    "F7|P3": 310,
    "F8|P1": 150,
    "F8|P2": 0,
    "F8|P3": 0,
    "F9|P1": 160,
    "F9|P2": 0,
    "F9|P3": 0,
    "F10|P1": 590,
    "F10|P2": 580,
    "F10|P3": 270,
    "F11|P1": 0,
    "F11|P2": 80,
    "F11|P3": 330,
    "F12|P1": 60,
    "F12|P2": 170,
    "F12|P3": 40,
    "F13|P1": 90,
    "F13|P2": 0,
    "F13|P3": 40,
    "F14|P1": 30,
    "F14|P2": 0,
    "F14|P3": 80,
    "F15|P1": 50,
    "F15|P2": 0,
    "F15|P3": 0,
    "F16|P1": 170,
    "F16|P2": 100,
    "F16|P3": 610,
    "F17|P1": 0,
    "F17|P2": 0,
    "F17|P3": 90,
    "F18|P1": 0,
    "F18|P2": 10,
    "F18|P3": 0,
    "F19|P1": 30,
    "F19|P2": 0,
    "F19|P3": 80,
    "F20|P1": 0,
    "F20|P2": 30,
    "F20|P3": 0,
    "F21|P1": 240,
    "F21|P2": 0,
    "F21|P3": 0,
    "F22|P1": 120,
    "F22|P2": 0,
    "F22|P3": 0,
    "F23|P1": 0,
    "F23|P2": 0,
    "F23|P3": 140
  },
  "distance_matrices": {
    "mill_to_forest_km": [
      [
        63.37778751500239,
        115.21036140681338,
        44.66985339298555,
        111.12183142574979,
        69.9615696648012,
        130.7810716439094,
        120.51174956997247,
        74.05458260355717,
        69.29233293777074,
        36.63014773313532,
        70.98758484673115,
        72.71848647045867,
        144.32260387359392,
        72.69555317821609,
        123.39411224546322,
        131.32772224604938,
        120.93566485666095,
        90.76585180370824,
        150.51477021857335,
        90.75370937789327,
        44.66985339298555,
        141.59651572159584,
        43.68579711981557
      ],
      [
        136.1632390551614,
        54.37193653327616,
        141.84772737385393,
        38.68141853045311,
        171.87129878403405,
        59.455398846153955,
        59.349958205235005,
        172.05178361208587,
        171.10951596155016,
        91.40922729127655,
        182.82651906065166,
        185.39071725495853,
        63.55421640755344,
        184.89128894665566,
        39.4588800975926,
        75.17721990751106,
        35.29667031337893,
        193.89819519245708,
        58.524157664787204,
        194.0145355893417,
        141.84772737385393,
        113.41003332465675,
        155.72700090023565
      ],
      [
        51.76355705646372,
        159.406529794547,
        52.17208686594607,
        164.96094653829266,
        128.5765389609379,
        172.4936324396985,
        161.515231587564,
        136.3255526788557,
        128.39366779169717,
        132.33215299184718,
        106.06457925372546,
        103.22319360676876,
        186.19470322287341,
        105.27517557243378,
        176.3444447176062,
        162.83258959469325,
        176.10079134181282,
        137.6322933444717,
        197.8023714663492,
        137.38602929045217,
        52.17208686594607,
        146.93825898640316,
        62.77308333947428
      ],
      [
        146.19729382238222,
        100.2992303273692,
        141.2937975047244,
        85.1695594165265,
        140.4832484574192,
        109.24869886006208,
        106.30314619202308,
        138.54083018072924,
        139.7487647056732,
        67.47312615654076,
        158.06025455651584,
        161.50154916769094,
        115.42286731783425,
        160.41420614628032,
        90.03488730490504,
        122.78915783778737,
        85.72603999878643,
        161.31830010825556,
        111.15678224899939,
        161.50572804285213,
        141.2937975047244,
        157.0919309694297,
        145.76892222636434
      ],
      [
        95.49893202888084,
        85.56139776499289,
        89.21855691214608,
        75.54807699031947,
        105.32579978174232,
        99.67259940383241,
        91.87162141614621,
        105.97611000011109,
        104.56494234419121,
        24.95104611553218,
        116.32034690858386,
        119.05772615709091,
        111.03750766371157,
        118.44479169770653,
        86.18481036854894,
        106.6917739919449,
        82.65580994223653,
        127.41719735763397,
        113.25906207786132,
        127.52004089635184,
        89.21855691214608,
        130.89118456204588,
        95.32316251201436
      ],
      [
        135.7786594106501,
        52.48968252499313,
        141.90416481157993,
        36.84676032822154,
        173.10248090067603,
        57.34104015296227,
        57.38976658556843,
        173.36587961436075,
        172.34078074183677,
        92.61909118665771,
        183.77883078376607,
        186.30398602677425,
        61.35849211748347,
        185.82886548784532,
        37.33180391154452,
        73.15045391794055,
        33.18830387630631,
        195.14776460148136,
        56.35624097526532,
        195.2611243537822,
        141.90416481157993,
        111.52040005043607,
        156.1366244851758
      ],
      [
        98.28098837991239,
        170.04638300582673,
        70.05499078214423,
        165.6172796751606,
        24.036093425714498,
        185.6162885351941,
        175.331940798716,
        31.689924664966583,
        23.802116261525548,
        75.6717857277423,
        17.29776036191876,
        20.410145496635547,
        199.13118961185643,
        19.50159157815152,
        177.78424505527764,
        185.84703447191004,
        175.1454484767609,
        38.81721227622551,
        205.04672103895288,
        38.706831006509915,
        70.05499078214423,
        193.04734478234053,
        44.47583115166018
      ],
      [
        146.63711916784203,
        52.08081877908274,
        154.96361489198864,
        38.28875440374799,
        189.6055434022711,
        52.21460332936125,
        55.50532832742915,
        189.94954674816952,
        188.84404311453576,
        109.11846296796826,
        199.8118670054616,
        202.24895920334154,
        52.44153896569749,
        201.82881003950925,
        33.20775677734237,
        69.49443488967357,
        30.11478049693159,
        211.66881234719187,
        44.41772743541073,
        211.77890088737163,
        154.96361489198864,
        109.49705990421604,
        170.60174427285418
      ],
      [
        162.8597833966547,
        260.58810538630746,
        138.59752262818677,
        259.3977740782727,
        106.72855339367358,
        275.9333219400668,
        264.9318860866578,
        111.69601001839288,
        107.34191866262044,
        177.3032708919392,
        85.06056483710596,
        81.5993069633702,
        290.0318874264701,
        82.6879861467798,
        271.82919044084434,
        272.20494283389417,
        269.8329471567801,
        91.5566097472981,
        298.14890619637595,
        91.24421719381886,
        138.59752262818677,
        268.4023116567704,
        114.4576279351844
      ],
      [
        162.06773604608247,
        54.742738368364094,
        179.12452307433855,
        57.153694373711424,
        234.0092584916181,
        39.96246897452875,
        51.16145461292879,
        235.74340235150498,
        233.26391866499225,
        155.58511764460397,
        239.0833527910905,
        240.7437934438321,
        25.896383510612907,
        240.78049221682338,
        45.28241356039009,
        50.25729419049078,
        48.491285000786505,
        256.00481821063005,
        17.864257652302467,
        256.0610208996975,
        179.12452307433855,
        83.36742947224569,
        200.7867996638092
      ],
      [
        139.27896200252192,
        80.35487373207482,
        138.57892829818874,
        64.88176297787012,
        151.40801010429647,
        88.39955558961167,
        86.15437827609904,
        150.44849654639592,
        150.65382962105474,
        73.20719727682582,
        166.0996743001145,
        169.1767835363129,
        94.09878080091431,
        168.34466916571148,
        68.92390699043362,
        102.57772545240303,
        64.62093221947192,
        172.96582002059165,
        89.70452700267639,
        173.1215544113713,
        138.57892829818874,
        138.24461347585432,
        147.1084463577244
      ],
      [
        149.9611534727863,
        74.13688357549056,
        174.30094789955777,
        87.80895407559241,
        249.27228619871636,
        63.16464349400667,
        67.74297938669305,
        252.90082372254136,
        248.59096364768524,
        179.72705533537143,
        247.12062102857448,
        247.6759396583177,
        58.84636406636532,
        248.30221839058157,
        82.57954835010183,
        51.99263394378948,
        86.8672740910572,
        270.0547460242544,
        68.54927536245023,
        270.0310904398614,
        174.30094789955777,
        45.310114515378494,
        200.53135678411633
      ],
      [
        108.38131154258765,
        215.45350959645302,
        104.84549553362659,
        221.46421059497476,
        158.20824102391128,
        228.11382900259116,
        217.26900021767474,
        166.16259601513406,
        158.2820557132364,
        182.52757202128825,
        130.99005402700635,
        126.96807715898012,
        241.59668217765656,
        129.280462868368,
        232.73335592600847,
        217.506462894499,
        232.585854443647,
        159.850411079534,
        253.58207589186688,
        159.53807895039213,
        104.84549553362659,
        197.544494131364,
        104.97553077050736
      ],
      [
        245.31289987096315,
        138.37539576612176,
        256.73488286532233,
        131.9909371848888,
        289.2729836140963,
        127.47913476412815,
        137.4938483104292,
        288.6805136113258,
        288.5137879356443,
        209.40988296164898,
        301.6706467310365,
        304.31558549056797,
        115.7191895929992,
        303.7686876412624,
        120.56596365510391,
        141.85102888478468,
        120.82721541946104,
        311.0481382501413,
        102.12179973474196,
        311.1912095116487,
        256.73488286532233,
        176.71915221930942,
        273.4558057530949
      ],
      [
        74.00102589595666,
        103.70981785334908,
        102.50290423212601,
        116.92946593223552,
        194.263593758822,
        109.77251103262086,
        101.8575844662918,
        200.35239523408,
        193.7672303902884,
        152.48700526289116,
        181.6727060315181,
        180.59221486537493,
        119.83307826675652,
        181.98190462062163,
        123.5301658240358,
        93.71426626966921,
        125.65117103476486,
        210.8405589640147,
        133.803488790117,
        210.70091977489736,
        102.50290423212601,
        60.7613732055694,
        129.94769883009585
      ]
    ],
    "forest_to_mill_km": [
      [
        63.37778751500239,
        136.1632390551614,
        51.76355705646372,
        146.19729382238222,
        95.49893202888084,
        135.7786594106501,
        98.28098837991239,
        146.63711916784203,
        162.8597833966547,
        162.06773604608247,
        139.27896200252192,
        149.9611534727863,
        108.38131154258765,
        245.31289987096315,
        74.00102589595666
      ],
      [
        115.21036140681338,
        54.37193653327616,
        159.406529794547,
        100.2992303273692,
        85.56139776499289,
        52.48968252499313,
        170.04638300582673,
        52.08081877908274,
        260.58810538630746,
        54.742738368364094,
        80.35487373207482,
        74.13688357549056,
        215.45350959645302,
        138.37539576612176,
        103.70981785334908
      ],
      [
        44.66985339298555,
        141.84772737385393,
        52.17208686594607,
        141.2937975047244,
        89.21855691214608,
        141.90416481157993,
        70.05499078214423,
        154.96361489198864,
        138.59752262818677,
        179.12452307433855,
        138.57892829818874,
        174.30094789955777,
        104.84549553362659,
        256.73488286532233,
        102.50290423212601
      ],
      [
        111.12183142574979,
        38.68141853045311,
        164.96094653829266,
        85.1695594165265,
        75.54807699031947,
        36.84676032822154,
        165.6172796751606,
        38.28875440374799,
        259.3977740782727,
        57.153694373711424,
        64.88176297787012,
        87.80895407559241,
        221.46421059497476,
        131.9909371848888,
        116.92946593223552
      ],
      [
        69.9615696648012,
        171.87129878403405,
        128.5765389609379,
        140.4832484574192,
        105.32579978174232,
        173.10248090067603,
        24.036093425714498,
        189.6055434022711,
        106.72855339367358,
        234.0092584916181,
        151.40801010429647,
        249.27228619871636,
        158.20824102391128,
        289.2729836140963,
        194.263593758822
      ],
      [
        130.7810716439094,
        59.455398846153955,
        172.4936324396985,
        109.24869886006208,
        99.67259940383241,
        57.34104015296227,
        185.6162885351941,
        52.21460332936125,
        275.9333219400668,
        39.96246897452875,
        88.39955558961167,
        63.16464349400667,
        228.11382900259116,
        127.47913476412815,
        109.77251103262086
      ],
      [
        120.51174956997247,
        59.349958205235005,
        161.515231587564,
        106.30314619202308,
        91.87162141614621,
        57.38976658556843,
        175.331940798716,
        55.50532832742915,
        264.9318860866578,
        51.16145461292879,
        86.15437827609904,
        67.74297938669305,
        217.26900021767474,
        137.4938483104292,
        101.8575844662918
      ],
      [
        74.05458260355717,
        172.05178361208587,
        136.3255526788557,
        138.54083018072924,
        105.97611000011109,
        173.36587961436075,
        31.689924664966583,
        189.94954674816952,
        111.69601001839288,
        235.74340235150498,
        150.44849654639592,
        252.90082372254136,
        166.16259601513406,
        288.6805136113258,
        200.35239523408
      ],
      [
        69.29233293777074,
        171.10951596155016,
        128.39366779169717,
        139.7487647056732,
        104.56494234419121,
        172.34078074183677,
        23.802116261525548,
        188.84404311453576,
        107.34191866262044,
        233.26391866499225,
        150.65382962105474,
        248.59096364768524,
        158.2820557132364,
        288.5137879356443,
        193.7672303902884
      ],
      [
        36.63014773313532,
        91.40922729127655,
        132.33215299184718,
        67.47312615654076,
        24.95104611553218,
        92.61909118665771,
        75.6717857277423,
        109.11846296796826,
        177.3032708919392,
        155.58511764460397,
        73.20719727682582,
        179.72705533537143,
        182.52757202128825,
        209.40988296164898,
        152.48700526289116
      ],
      [
        70.98758484673115,
        182.82651906065166,
        106.06457925372546,
        158.06025455651584,
        116.32034690858386,
        183.77883078376607,
        17.29776036191876,
        199.8118670054616,
        85.06056483710596,
        239.0833527910905,
        166.0996743001145,
        247.12062102857448,
        130.99005402700635,
        301.6706467310365,
        181.6727060315181
      ],
      [
        72.71848647045867,
        185.39071725495853,
        103.22319360676876,
        161.50154916769094,
        119.05772615709091,
        186.30398602677425,
        20.410145496635547,
        202.24895920334154,
        81.5993069633702,
        240.7437934438321,
        169.1767835363129,
        247.6759396583177,
        126.96807715898012,
        304.31558549056797,
        180.59221486537493
      ],
      [
        144.32260387359392,
        63.55421640755344,
        186.19470322287341,
        115.42286731783425,
        111.03750766371157,
        61.35849211748347,
        199.13118961185643,
        52.44153896569749,
        290.0318874264701,
        25.896383510612907,
        94.09878080091431,
        58.84636406636532,
        241.59668217765656,
        115.7191895929992,
        119.83307826675652
      ],
      [
        72.69555317821609,
        184.89128894665566,
        105.27517557243378,
        160.41420614628032,
        118.44479169770653,
        185.82886548784532,
        19.50159157815152,
        201.82881003950925,
        82.6879861467798,
        240.78049221682338,
        168.34466916571148,
        248.30221839058157,
        129.280462868368,
        303.7686876412624,
        181.98190462062163
      ],
      [
        123.39411224546322,
        39.4588800975926,
        176.3444447176062,
        90.03488730490504,
        86.18481036854894,
        37.33180391154452,
        177.78424505527764,
        33.20775677734237,
        271.82919044084434,
        45.28241356039009,
        68.92390699043362,
        82.57954835010183,
        232.73335592600847,
        120.56596365510391,
        123.5301658240358
      ],
      [
        131.32772224604938,
        75.17721990751106,
        162.83258959469325,
        122.78915783778737,
        106.6917739919449,
        73.15045391794055,
        185.84703447191004,
        69.49443488967357,
        272.20494283389417,
        50.25729419049078,
        102.57772545240303,
        51.99263394378948,
        217.506462894499,
        141.85102888478468,
        93.71426626966921
      ],
      [
        120.93566485666095,
        35.29667031337893,
        176.10079134181282,
        85.72603999878643,
        82.65580994223653,
        33.18830387630631,
        175.1454484767609,
        30.11478049693159,
        269.8329471567801,
        48.491285000786505,
        64.62093221947192,
        86.8672740910572,
        232.585854443647,
        120.82721541946104,
        125.65117103476486
      ],
      [
        90.76585180370824,
        193.89819519245708,
        137.6322933444717,
        161.31830010825556,
        127.41719735763397,
        195.14776460148136,
        38.81721227622551,
        211.66881234719187,
        91.5566097472981,
        256.00481821063005,
        172.96582002059165,
        270.0547460242544,
        159.850411079534,
        311.0481382501413,
        210.8405589640147
      ],
      [
        150.51477021857335,
        58.524157664787204,
        197.8023714663492,
        111.15678224899939,
        113.25906207786132,
        56.35624097526532,
        205.04672103895288,
        44.41772743541073,
        298.14890619637595,
        17.864257652302467,
        89.70452700267639,
        68.54927536245023,
        253.58207589186688,
        102.12179973474196,
        133.803488790117
      ],
      [
        90.75370937789327,
        194.0145355893417,
        137.38602929045217,
        161.50572804285213,
        127.52004089635184,
        195.2611243537822,
        38.706831006509915,
        211.77890088737163,
        91.24421719381886,
        256.0610208996975,
        173.1215544113713,
        270.0310904398614,
        159.53807895039213,
        311.1912095116487,
        210.70091977489736
      ],
      [
        44.66985339298555,
        141.84772737385393,
        52.17208686594607,
        141.2937975047244,
        89.21855691214608,
        141.90416481157993,
        70.05499078214423,
        154.96361489198864,
        138.59752262818677,
        179.12452307433855,
        138.57892829818874,
        174.30094789955777,
        104.84549553362659,
        256.73488286532233,
        102.50290423212601
      ],
      [
        141.59651572159584,
        113.41003332465675,
        146.93825898640316,
        157.0919309694297,
        130.89118456204588,
        111.52040005043607,
        193.04734478234053,
        109.49705990421604,
        268.4023116567704,
        83.36742947224569,
        138.24461347585432,
        45.310114515378494,
        197.544494131364,
        176.71915221930942,
        60.7613732055694
      ],
      [
        43.68579711981557,
        155.72700090023565,
        62.77308333947428,
        145.76892222636434,
        95.32316251201436,
        156.1366244851758,
        44.47583115166018,
        170.60174427285418,
        114.4576279351844,
        200.7867996638092,
        147.1084463577244,
        200.53135678411633,
        104.97553077050736,
        273.4558057530949,
        129.94769883009585
      ]
    ],
    "mill_to_homebase_km": [
      [
        80.80258226505592,
        116.01483738756504,
        129.89950500880354,
        80.80258226505592,
        70.87349872359691,
        70.87349872359691,
        74.54605572319255,
        138.34900897634108,
        64.91399161699358,
        170.461763863298,
        48.71819479092571,
        164.69786036789108,
        116.01483738756504,
        163.84175570295258,
        139.57441919096257,
        214.45628342396586,
        160.67557595020475
      ],
      [
        56.63754710133466,
        1.4657947714107509,
        16.58433521386399,
        56.63754710133466,
        169.00344278133562,
        169.00344278133562,
        179.17658048563237,
        63.57499596379394,
        167.59925974943167,
        88.59212365350254,
        138.35196420010547,
        73.64973296655862,
        1.4657947714107509,
        131.7690133803082,
        37.91684690013502,
        186.45851222258472,
        143.43772062750122
      ],
      [
        171.86760376059243,
        187.90536745171923,
        197.90753607057079,
        171.86760376059243,
        134.44459628674562,
        134.44459628674562,
        126.141415348771,
        178.74098416950503,
        124.968219886923,
        204.5883731708357,
        51.42713005297542,
        207.29561996449158,
        187.90536745171923,
        161.9954392818426,
        196.6680802336092,
        193.46260132706686,
        147.84860464567086
      ],
      [
        21.310209960574518,
        54.0381161522299,
        66.9047255441575,
        21.310209960574518,
        135.89392934475853,
        135.89392934475853,
        148.73156256681946,
        114.46301084139026,
        137.12081349536632,
        141.13555812719113,
        141.14200795526287,
        126.25186150915731,
        54.0381161522299,
        177.6838721796862,
        90.42315666759943,
        233.5179177113947,
        186.219781606931
      ],
      [
        31.34296272746293,
        68.04927428814096,
        82.94235330678788,
        31.34296272746293,
        102.85546908363186,
        102.85546908363186,
        112.467157597247,
