{
  "metadata": {
    "instance_id": "W11",
    "week_dates": "2024-11-19|2024-11-23",
    "anonymized": true,
    "time_unit": "minutes",
    "distance_unit": "km",
    "volume_unit": "GMT"
  },
  "sets": {
    "forests": [
      "F1",
      "F2",
      "F3",
      "F4",
      "F5",
      "F6",
      "F7",
      "F8",
      "F9",
      "F10",
      "F11",
      "F12",
      "F13",
      "F14",
      "F15",
      "F16",
      "F17",
      "F18",
      "F19",
      "F20",
      "F21",
      "F22"
    ],
    "mills": [
      "M1",
      "M2",
      "M3",
      "M4",
      "M5",
      "M6",
      "M7",
      "M8",
      "M9",
      "M10",
      "M11",
      "M12",
      "M13",
      "M14"
    ],
    "products": [
      "P1",
      "P2",
      "P3"
    ],
    "vehicles": [
      "V1",
      "V2",
      "V3",
      "V4",
      "V5",
      "V6",
      "V7",
      "V8",
      "V9",
      "V10",
      "V11",
      "V12",
      "V13",
      "V14",
      "V15",
      "V16",
      "V17",
      "V18",
      "V19",
      "V20",
      "V21",
      "V22",
      "V23",
      "V24",
      "V25",
      "V26",
      "V27",
      "V28",
      "V29",
      "V30",
      "V31",
      "V32",
      "V33",
      "V34",
      "V35",
      "V36",
      "V37",
      "V38",
      "V39",
      "V40",
      "V41",
      "V42",
      "V43",
      "V44",
      "V45",
      "V46",
      "V47",
      "V48",
      "V49",
      "V50",
      "V51",
      "V52",
      "V53",
      "V54",
      "V55",
      "V56",
      "V57",
      "V58",
      "V59",
      "V60",
      "V61",
      "V62",
      "V63",
      "V64",
      "V65",
      "V66",
      "V67"
    ],
    "home_bases": [
      "HB1",
      "HB2",
      "HB3",
      "HB4",
      "HB5",
      "HB6",
      "HB7",
      "HB8",
      "HB9",
      "HB10",
      "HB11",
      "HB12",
      "HB13",
      "HB14",
      "HB15",
      "HB16",
      "HB17",
      "HB18",
      "HB19",
      "HB20",
      "HB21",
      "HB22",
      "HB23",
      "HB24",
      "HB25",
      "HB26",
      "HB27"
    ]
  },
  "cardinalities": {
    "num_forests": 22,
    "num_mills": 14,
    "num_products": 3,
    "num_vehicles": 67,
    "num_home_bases": 27
  },
  "vehicles_info": [
    {
      "id": "V1",
      "capacity_GMT": 40,
      "self_loading": false
    },
    {
      "id": "V2",
      "capacity_GMT": 40,
      "self_loading": false
    },
    {
      "id": "V3",
      "capacity_GMT": 40,
      "self_loading": false
    },
    {
      "id": "V4",
      "capacity_GMT": 40,
      "self_loading": false
    },
    {
      "id": "V5",
      "capacity_GMT": 35,
      "self_loading": false
    },
    {
      "id": "V6",
      "capacity_GMT": 35,
      "self_loading": false
    },
    {
      "id": "V7",
      "capacity_GMT": 35,
      "self_loading": false
    },
    {
      "id": "V8",
      "capacity_GMT": 40,
      "self_loading": false
    },
    {
      "id": "V9",
      "capacity_GMT": 40,
      "self_loading": false
    },
    {
      "id": "V10",
      "capacity_GMT": 40,
      "self_loading": false
    },
    {
      "id": "V11",
      "capacity_GMT": 40,
      "self_loading": false
    },
    {
      "id": "V12",
      "capacity_GMT": 35,
      "self_loading": false
    },
    {
      "id": "V13",
      "capacity_GMT": 40,
      "self_loading": false
    },
    {
      "id": "V14",
      "capacity_GMT": 40,
      "self_loading": false
    },
    {
      "id": "V15",
      "capacity_GMT": 40,
      "self_loading": false
    },
    {
      "id": "V16",
      "capacity_GMT": 40,
      "self_loading": false
    },
    {
      "id": "V17",
      "capacity_GMT": 40,
      "self_loading": false
    },
    {
      "id": "V18",
      "capacity_GMT": 40,
      "self_loading": false
    },
    {
      "id": "V19",
      "capacity_GMT": 40,
      "self_loading": false
    },
    {
      "id": "V20",
      "capacity_GMT": 40,
      "self_loading": false
    },
    {
      "id": "V21",
      "capacity_GMT": 40,
      "self_loading": false
    },
    {
      "id": "V22",
      "capacity_GMT": 40,
      "self_loading": false
    },
    {
      "id": "V23",
      "capacity_GMT": 40,
      "self_loading": false
    },
    {
      "id": "V24",
      "capacity_GMT": 40,
      "self_loading": false
    },
    {
      "id": "V25",
      "capacity_GMT": 40,
      "self_loading": false
    },
    {
      "id": "V26",
      "capacity_GMT": 40,
      "self_loading": false
    },
    {
      "id": "V27",
      "capacity_GMT": 40,
      "self_loading": false
    },
    {
      "id": "V28",
      "capacity_GMT": 35,
      "self_loading": false
    },
    {
      "id": "V29",
      "capacity_GMT": 40,
      "self_loading": false
    },
    {
      "id": "V30",
      "capacity_GMT": 40,
      "self_loading": false
    },
    {
      "id": "V31",
      "capacity_GMT": 40,
      "self_loading": false
    },
    {
      "id": "V32",
      "capacity_GMT": 40,
      "self_loading": false
    },
    {
      "id": "V33",
      "capacity_GMT": 40,
      "self_loading": false
    },
    {
      "id": "V34",
      "capacity_GMT": 40,
      "self_loading": false
    },
    {
      "id": "V35",
      "capacity_GMT": 40,
      "self_loading": false
    },
    {
      "id": "V36",
      "capacity_GMT": 40,
      "self_loading": false
    },
    {
      "id": "V37",
      "capacity_GMT": 40,
      "self_loading": false
    },
    {
      "id": "V38",
      "capacity_GMT": 35,
      "self_loading": false
    },
    {
      "id": "V39",
      "capacity_GMT": 35,
      "self_loading": false
    },
    {
      "id": "V40",
      "capacity_GMT": 40,
      "self_loading": false
    },
    {
      "id": "V41",
      "capacity_GMT": 40,
      "self_loading": false
    },
    {
      "id": "V42",
      "capacity_GMT": 40,
      "self_loading": false
    },
    {
      "id": "V43",
      "capacity_GMT": 35,
      "self_loading": false
    },
    {
      "id": "V44",
      "capacity_GMT": 35,
      "self_loading": false
    },
    {
      "id": "V45",
      "capacity_GMT": 40,
      "self_loading": false
    },
    {
      "id": "V46",
      "capacity_GMT": 40,
      "self_loading": false
    },
    {
      "id": "V47",
      "capacity_GMT": 35,
      "self_loading": false
    },
    {
      "id": "V48",
      "capacity_GMT": 40,
      "self_loading": false
    },
    {
      "id": "V49",
      "capacity_GMT": 40,
      "self_loading": false
    },
    {
      "id": "V50",
      "capacity_GMT": 35,
      "self_loading": false
    },
    {
      "id": "V51",
      "capacity_GMT": 35,
      "self_loading": false
    },
    {
      "id": "V52",
      "capacity_GMT": 40,
      "self_loading": false
    },
    {
      "id": "V53",
      "capacity_GMT": 40,
      "self_loading": false
    },
    {
      "id": "V54",
      "capacity_GMT": 35,
      "self_loading": false
    },
    {
      "id": "V55",
      "capacity_GMT": 40,
      "self_loading": false
    },
    {
      "id": "V56",
      "capacity_GMT": 35,
      "self_loading": false
    },
    {
      "id": "V57",
      "capacity_GMT": 35,
      "self_loading": false
    },
    {
      "id": "V58",
      "capacity_GMT": 40,
      "self_loading": false
    },
    {
      "id": "V59",
      "capacity_GMT": 40,
      "self_loading": false
    },
    {
      "id": "V60",
      "capacity_GMT": 40,
      "self_loading": false
    },
    {
      "id": "V61",
      "capacity_GMT": 35,
      "self_loading": false
    },
    {
      "id": "V62",
      "capacity_GMT": 40,
      "self_loading": false
    },
    {
      "id": "V63",
      "capacity_GMT": 40,
      "self_loading": false
    },
    {
      "id": "V64",
      "capacity_GMT": 35,
      "self_loading": false
    },
    {
      "id": "V65",
      "capacity_GMT": 40,
      "self_loading": false
    },
    {
      "id": "V66",
      "capacity_GMT": 35,
      "self_loading": false
    },
    {
      "id": "V67",
      "capacity_GMT": 35,
      "self_loading": false
    }
  ],
  "home_bases_info": [
    {
      "id": "HB1",
      "vehicles": [
        "V1",
        "V8"
      ]
    },
    {
      "id": "HB2",
      "vehicles": [
        "V2",
        "V53",
        "V59",
        "V60",
        "V63",
        "V65"
      ]
    },
    {
      "id": "HB3",
      "vehicles": [
        "V3"
      ]
    },
    {
      "id": "HB4",
      "vehicles": [
        "V4"
      ]
    },
    {
      "id": "HB5",
      "vehicles": [
        "V5",
        "V6",
        "V25",
        "V38",
        "V39"
      ]
    },
    {
      "id": "HB6",
      "vehicles": [
        "V7"
      ]
    },
    {
      "id": "HB7",
      "vehicles": [
        "V9",
        "V13",
        "V14",
        "V15",
        "V16",
        "V18",
        "V23",
        "V27",
        "V34",
        "V42",
        "V46",
        "V48",
        "V52",
        "V55",
        "V62",
        "V64"
      ]
    },
    {
      "id": "HB8",
      "vehicles": [
        "V10",
        "V28",
        "V32",
        "V44",
        "V47",
        "V50",
        "V51",
        "V58"
      ]
    },
    {
      "id": "HB9",
      "vehicles": [
        "V11"
      ]
    },
    {
      "id": "HB10",
      "vehicles": [
        "V12"
      ]
    },
    {
      "id": "HB11",
      "vehicles": [
        "V17",
        "V35"
      ]
    },
    {
      "id": "HB12",
      "vehicles": [
        "V19",
        "V22",
        "V24",
        "V30",
        "V66",
        "V67"
      ]
    },
    {
      "id": "HB13",
      "vehicles": [
        "V20"
      ]
    },
    {
      "id": "HB14",
      "vehicles": [
        "V21"
      ]
    },
    {
      "id": "HB15",
      "vehicles": [
        "V26",
        "V54"
      ]
    },
    {
      "id": "HB16",
      "vehicles": [
        "V29"
      ]
    },
    {
      "id": "HB17",
      "vehicles": [
        "V31"
      ]
    },
    {
      "id": "HB18",
      "vehicles": [
        "V33"
      ]
    },
    {
      "id": "HB19",
      "vehicles": [
        "V36",
        "V40"
      ]
    },
    {
      "id": "HB20",
      "vehicles": [
        "V37"
      ]
    },
    {
      "id": "HB21",
      "vehicles": [
        "V41"
      ]
    },
    {
      "id": "HB22",
      "vehicles": [
        "V43"
      ]
    },
    {
      "id": "HB23",
      "vehicles": [
        "V45"
      ]
    },
    {
      "id": "HB24",
      "vehicles": [
        "V49"
      ]
    },
    {
      "id": "HB25",
      "vehicles": [
        "V56"
      ]
    },
    {
      "id": "HB26",
      "vehicles": [
        "V57"
      ]
    },
    {
      "id": "HB27",
      "vehicles": [
        "V61"
      ]
    }
  ],
  "mills_info": [
    {
      "id": "M1",
      "interval_starts_min": [
        0,
        45,
        90,
        135,
        180,
        225,
        270,
        315,
        360,
        405,
        450,
        495,
        540,
        585,
        630,
        675,
        720,
        765,
        810,
        855,
        900,
        945,
        990,
        1035,
        1080,
        1125,
        1170,
        1215,
        1260,
        1305,
        1350,
        1395
      ],
      "interval_ends_min": [
        45,
        90,
        135,
        180,
        225,
        270,
        315,
        360,
        405,
        450,
        495,
        540,
        585,
        630,
        675,
        720,
        765,
        810,
        855,
        900,
        945,
        990,
        1035,
        1080,
        1125,
        1170,
        1215,
        1260,
        1305,
        1350,
        1395,
        1439
      ]
    },
    {
      "id": "M2",
      "interval_starts_min": [
        420,
        465,
        510,
        555,
        600,
        645,
        690,
        735,
        780,
        825,
        870,
        915,
        960,
        1005
      ],
      "interval_ends_min": [
        465,
        510,
        555,
        600,
        645,
        690,
        735,
        780,
        825,
        870,
        915,
        960,
        1005,
        1020
      ]
    },
    {
      "id": "M3",
      "interval_starts_min": [
        420,
        465,
        510,
        555,
        600,
        645,
        690,
        735,
        780,
        825,
        870,
        915
      ],
      "interval_ends_min": [
        465,
        510,
        555,
        600,
        645,
        690,
        735,
        780,
        825,
        870,
        915,
        960
      ]
    },
    {
      "id": "M4",
      "interval_starts_min": [
        420,
        465,
        510,
        555,
        600,
        645,
        690,
        735,
        780,
        825,
        870,
        915,
        960,
        1005
      ],
      "interval_ends_min": [
        465,
        510,
        555,
        600,
        645,
        690,
        735,
        780,
        825,
        870,
        915,
        960,
        1005,
        1020
      ]
    },
    {
      "id": "M5",
      "interval_starts_min": [
        420,
        465,
        510,
        555,
        600,
        645,
        690,
        735,
        780,
        825,
        870,
        915,
        960,
        1005
      ],
      "interval_ends_min": [
        465,
        510,
        555,
        600,
        645,
        690,
        735,
        780,
        825,
        870,
        915,
        960,
        1005,
        1020
      ]
    },
    {
      "id": "M6",
      "interval_starts_min": [
        480,
        525,
        570,
        615,
        660,
        705,
        750,
        795,
        840,
        885,
        930,
        975
      ],
      "interval_ends_min": [
        525,
        570,
        615,
        660,
        705,
        750,
        795,
        840,
        885,
        930,
        975,
        1020
      ]
    },
    {
      "id": "M7",
      "interval_starts_min": [
        420,
        465,
        510,
        555,
        600,
        645,
        690,
        735,
        780,
        825,
        870,
        915,
        960,
        1005
      ],
      "interval_ends_min": [
        465,
        510,
        555,
        600,
        645,
        690,
        735,
        780,
        825,
        870,
        915,
        960,
        1005,
        1020
      ]
    },
    {
      "id": "M8",
      "interval_starts_min": [
        480,
        525,
        570,
        615,
        660,
        705,
        750,
        795,
        840,
        885,
        930,
        975
      ],
      "interval_ends_min": [
        525,
        570,
        615,
        660,
        705,
        750,
        795,
        840,
        885,
        930,
        975,
        1020
      ]
    },
    {
      "id": "M9",
      "interval_starts_min": [
        420,
        465,
        510,
        555,
        600,
        645,
        690,
        735,
        780,
        825,
        870,
        915,
        960,
        1005
      ],
      "interval_ends_min": [
        465,
        510,
        555,
        600,
        645,
        690,
        735,
        780,
        825,
        870,
        915,
        960,
        1005,
        1020
      ]
    },
    {
      "id": "M10",
      "interval_starts_min": [
        420,
        465,
        510,
        555,
        600,
        645,
        690,
        735,
        780,
        825,
        870,
        915,
        960,
        1005
      ],
      "interval_ends_min": [
        465,
        510,
        555,
        600,
        645,
        690,
        735,
        780,
        825,
        870,
        915,
        960,
        1005,
        1020
      ]
    },
    {
      "id": "M11",
      "interval_starts_min": [
        0,
        45,
        90,
        135,
        180,
        225,
        270,
        315,
        360,
        405,
        450,
        495,
        540,
        585,
        630,
        675,
        720,
        765,
        810,
        855,
        900,
        945,
        990,
        1035,
        1080,
        1125,
        1170,
        1215,
        1260,
        1305,
        1350,
        1395
      ],
      "interval_ends_min": [
        45,
        90,
        135,
        180,
        225,
        270,
        315,
        360,
        405,
        450,
        495,
        540,
        585,
        630,
        675,
        720,
        765,
        810,
        855,
        900,
        945,
        990,
        1035,
        1080,
        1125,
        1170,
        1215,
        1260,
        1305,
        1350,
        1395,
        1439
      ]
    },
    {
      "id": "M12",
      "interval_starts_min": [
        480,
        525,
        570,
        615,
        660,
        705,
        750,
        795,
        840,
        885,
        930,
        975
      ],
      "interval_ends_min": [
        525,
        570,
        615,
        660,
        705,
        750,
        795,
        840,
        885,
        930,
        975,
        1020
      ]
    },
    {
      "id": "M13",
      "interval_starts_min": [
        360,
        405,
        450,
        495,
        540,
        585,
        630,
        675,
        720,
        765,
        810,
        855,
        900,
        945,
        990,
        1035
      ],
      "interval_ends_min": [
        405,
        450,
        495,
        540,
        585,
        630,
        675,
        720,
        765,
        810,
        855,
        900,
        945,
        990,
        1035,
        1080
      ]
    },
    {
      "id": "M14",
      "interval_starts_min": [
        480,
        525,
        570,
        615,
        660,
        705,
        750,
        795,
        840,
        885,
        930,
        975
      ],
      "interval_ends_min": [
        525,
        570,
        615,
        660,
        705,
        750,
        795,
        840,
        885,
        930,
        975,
        1020
      ]
    }
  ],
  "demand_d_mp": {
    "M1|P1": 490,
    "M1|P2": 0,
    "M1|P3": 0,
    "M2|P1": 400,
    "M2|P2": 0,
    "M2|P3": 370,
    "M3|P1": 0,
    "M3|P2": 1240,
    "M3|P3": 0,
    "M4|P1": 0,
    "M4|P2": 730,
    "M4|P3": 1190,
    "M5|P1": 560,
    "M5|P2": 0,
    "M5|P3": 0,
    "M6|P1": 220,
    "M6|P2": 0,
    "M6|P3": 0,
    "M7|P1": 0,
    "M7|P2": 1470,
    "M7|P3": 0,
    "M8|P1": 0,
    "M8|P2": 30,
    "M8|P3": 190,
    "M9|P1": 0,
    "M9|P2": 620,
    "M9|P3": 450,
    "M10|P1": 0,
    "M10|P2": 0,
    "M10|P3": 20,
    "M11|P1": 2000,
    "M11|P2": 0,
    "M11|P3": 20,
    "M12|P1": 80,
    "M12|P2": 0,
    "M12|P3": 0,
    "M13|P1": 480,
    "M13|P2": 0,
    "M13|P3": 0,
    "M14|P1": 40,
    "M14|P2": 0,
    "M14|P3": 0
  },
  "supply_s_fp": {
    "F1|P1": 530,
    "F1|P2": 190,
    "F1|P3": 250,
    "F2|P1": 190,
    "F2|P2": 700,
    "F2|P3": 570,
    "F3|P1": 250,
    "F3|P2": 40,
    "F3|P3": 60,
    "F4|P1": 170,
    "F4|P2": 440,
    "F4|P3": 360,
    "F5|P1": 810,
    "F5|P2": 70,
    "F5|P3": 20,
    "F6|P1": 50,
    "F6|P2": 30,
    "F6|P3": 40,
    "F7|P1": 0,
    "F7|P2": 40,
    "F7|P3": 40,
    "F8|P1": 0,
    "F8|P2": 80,
    "F8|P3": 30,
    "F9|P1": 190,
    "F9|P2": 430,
    "F9|P3": 130,
    "F10|P1": 190,
    "F10|P2": 50,
    "F10|P3": 0,
    "F11|P1": 950,
    "F11|P2": 810,
    "F11|P3": 0,
    "F12|P1": 0,
    "F12|P2": 0,
    "F12|P3": 170,
    "F13|P1": 200,
    "F13|P2": 40,
    "F13|P3": 0,
    "F14|P1": 60,
    "F14|P2": 0,
    "F14|P3": 40,
    "F15|P1": 0,
    "F15|P2": 130,
    "F15|P3": 0,
    "F16|P1": 290,
    "F16|P2": 750,
    "F16|P3": 190,
    "F17|P1": 130,
    "F17|P2": 190,
    "F17|P3": 170,
    "F18|P1": 170,
    "F18|P2": 80,
    "F18|P3": 30,
    "F19|P1": 30,
    "F19|P2": 0,
    "F19|P3": 0,
    "F20|P1": 30,
    "F20|P2": 0,
    "F20|P3": 40,
    "F21|P1": 0,
    "F21|P2": 0,
    "F21|P3": 30,
    "F22|P1": 30,
    "F22|P2": 0,
    "F22|P3": 80
  },
  "distance_matrices": {
    "mill_to_forest_km": [
      [
        50.25729419049078,
        57.153694373711424,
        82.54993543130352,
        240.78049221682338,
        235.74340235150498,
        155.58511764460397,
        240.7437934438321,
        17.864257652302467,
        162.06773604608247,
        39.96246897452875,
        40.5595218367685,
        191.95712301036923,
        29.803734061571227,
        153.8320497893835,
        29.158396563116323,
        51.16145461292879,
        179.12452307433855,
        64.90491448346162,
        99.67139477607843,
        233.26391866499225,
        153.8320497893835,
        234.0092584916181
      ],
      [
        73.15045391794055,
        36.84676032822154,
        111.87847232918595,
        185.82886548784532,
        173.36587961436075,
        92.61909118665771,
        186.30398602677425,
        56.35624097526532,
        135.7786594106501,
        57.34104015296227,
        60.490330960211466,
        142.37547561894812,
        81.90116881378928,
        129.02508505516795,
        81.82871598612878,
        57.38976658556843,
        141.90416481157993,
        101.06109388727933,
        92.39496225812815,
        172.34078074183677,
        129.02508505516795,
        173.10248090067603
      ],
      [
        51.99263394378948,
        87.80895407559241,
        43.62562064325128,
        248.30221839058157,
        252.90082372254136,
        179.72705533537143,
        247.6759396583177,
        68.54927536245023,
        149.9611534727863,
        63.16464349400667,
        60.30268449482117,
        197.55274631821771,
        38.65381472744386,
        141.89952392943766,
        38.92016740548801,
        67.74297938669305,
        174.30094789955777,
        32.08179659185513,
        88.62270087272866,
        248.59096364768524,
        141.89952392943766,
        249.27228619871636
      ],
      [
        122.78915783778737,
        85.1695594165265,
        157.82259176206776,
        160.41420614628032,
        138.54083018072924,
        67.47312615654076,
        161.50154916769094,
        111.15678224899939,
        146.19729382238222,
        109.24869886006208,
        112.17221662336478,
        128.03353304840695,
        135.77109303997491,
        141.81192892177398,
        135.76444690053438,
        106.30314619202308,
        141.2937975047244,
        150.2533266218854,
        125.16463751742639,
        139.7487647056732,
        141.81192892177398,
        140.4832484574192
      ],
      [
        272.20494283389417,
        259.3977740782727,
        270.129253780763,
        82.6879861467798,
        111.69601001839288,
        177.3032708919392,
        81.5993069633702,
        298.14890619637595,
        162.8597833966547,
        275.9333219400668,
        276.1526010436013,
        124.27107387117641,
        299.60357355015424,
        170.73873591772607,
        300.15970041874647,
        264.9318860866578,
        138.59752262818677,
        280.79427885492174,
        224.6673341429443,
        107.34191866262044,
        170.73873591772607,
        106.72855339367358
      ],
      [
        141.85102888478468,
        131.9909371848888,
        175.87212991133768,
        303.7686876412624,
        288.6805136113258,
        209.40988296164898,
        304.31558549056797,
        102.12179973474196,
        245.31289987096315,
        127.47913476412815,
        129.34292104431705,
        260.42044469918903,
        122.92547247592844,
        237.5409609757286,
        122.25204501903488,
        137.4938483104292,
        256.73488286532233,
        158.12065980212208,
        187.67608665264925,
        288.5137879356443,
        237.5409609757286,
        289.2729836140963
      ],
      [
        69.49443488967357,
        38.28875440374799,
        109.59958189148227,
        201.82881003950925,
        189.94954674816952,
        109.11846296796826,
        202.24895920334154,
        44.41772743541073,
        146.63711916784203,
        52.21460332936125,
        55.42686579785793,
        157.50956665101475,
        72.71366777628273,
        139.45863887502094,
        72.51725553399086,
        55.50532832742915,
        154.96361489198864,
        96.69143252227651,
        97.71315642580501,
        188.84404311453576,
        139.45863887502094,
        189.6055434022711
      ],
      [
        106.6917739919449,
        75.54807699031947,
        132.0710143610114,
        118.44479169770653,
        105.97611000011109,
        24.95104611553218,
        119.05772615709091,
        113.25906207786132,
        95.49893202888084,
        99.67259940383241,
        101.61894222477713,
        78.77335239646452,
        128.3383295437733,
        91.96634165239678,
        128.60158897260564,
        91.87162141614621,
        89.21855691214608,
        130.1855996442288,
        88.8682587172605,
        104.56494234419121,
        91.96634165239678,
        105.32579978174232
      ],
      [
        162.83258959469325,
        164.96094653829266,
        148.62049869657133,
        105.27517557243378,
        136.3255526788557,
        132.33215299184718,
        103.22319360676876,
        197.8023714663492,
        51.76355705646372,
        172.4936324396985,
        171.51869644304747,
        80.23370139845835,
        189.35450799882722,
        59.35457810117247,
        190.01472718220762,
        161.515231587564,
        52.17208686594607,
        162.73308521803523,
        112.47370915578422,
        128.39366779169717,
        59.35457810117247,
        128.5765389609379
      ],
      [
        102.57772545240303,
        64.88176297787012,
        138.86597554058315,
        168.34466916571148,
        150.44849654639592,
        73.20719727682582,
        169.1767835363129,
        89.70452700267639,
        139.27896200252192,
        88.39955558961167,
        91.38953632384036,
        130.7374650553965,
        114.50996030021773,
        133.92330606360986,
        114.48734839364835,
        86.15437827609904,
        138.57892829818874,
        130.29765558507188,
        109.96273385481226,
        150.65382962105474,
        133.92330606360986,
        151.40801010429647
      ],
      [
        185.84703447191004,
        165.6172796751606,
        194.68048685722903,
        19.50159157815152,
        31.689924664966583,
        75.6717857277423,
        20.410145496635547,
        205.04672103895288,
        98.28098837991239,
        185.6162885351941,
        186.50809562490423,
        36.622203495815,
        212.14620190143856,
        103.18512970884747,
        212.6012981958135,
        175.331940798716,
        70.05499078214423,
        200.87904643612427,
        145.26761534262778,
        23.802116261525548,
        103.18512970884747,
        24.036093425714498
      ],
      [
        131.32772224604938,
        111.12183142574979,
        143.1551837385369,
        72.69555317821609,
        74.05458260355717,
        36.63014773313532,
        72.71848647045867,
        150.51477021857335,
        63.37778751500239,
        130.7810716439094,
        131.6775979541769,
        27.04146177052126,
        157.40449801713103,
        64.35630953786037,
        157.8503354318824,
        120.51174956997247,
        44.66985339298555,
        147.72581307669532,
        93.63392217854924,
        69.29233293777074,
        64.35630953786037,
        69.9615696648012
      ],
      [
        93.71426626966921,
        116.92946593223552,
        62.054746384231244,
        181.98190462062163,
        200.35239523408,
        152.48700526289116,
        180.59221486537493,
        133.803488790117,
        74.00102589595666,
        109.77251103262086,
        107.32587748695057,
        136.21866967545898,
        113.63334054317271,
        69.25532226034767,
        114.33481826255664,
        101.8575844662918,
        102.50290423212601,
        79.6646256839412,
        60.15951546675863,
        193.7672303902884,
        69.25532226034767,
        194.263593758822
      ],
      [
        75.17721990751106,
        38.68141853045311,
        113.7847445080884,
        184.89128894665566,
        172.05178361208587,
        91.40922729127655,
        185.39071725495853,
        58.524157664787204,
        136.1632390551614,
        59.455398846153955,
        62.59760545231671,
        141.77412787311374,
        84.09525526825287,
        129.49008154096308,
        84.02393251248739,
        59.349958205235005,
        141.84772737385393,
        103.09648308192331,
        93.63951618174428,
        171.10951596155016,
        129.49008154096308,
        171.87129878403405
      ]
    ],
    "forest_to_mill_km": [
      [
        50.25729419049078,
        73.15045391794055,
        51.99263394378948,
        122.78915783778737,
        272.20494283389417,
        141.85102888478468,
        69.49443488967357,
        106.6917739919449,
        162.83258959469325,
        102.57772545240303,
        185.84703447191004,
        131.32772224604938,
        93.71426626966921,
        75.17721990751106
      ],
      [
        57.153694373711424,
        36.84676032822154,
        87.80895407559241,
        85.1695594165265,
        259.3977740782727,
        131.9909371848888,
        38.28875440374799,
        75.54807699031947,
        164.96094653829266,
        64.88176297787012,
        165.6172796751606,
        111.12183142574979,
        116.92946593223552,
        38.68141853045311
      ],
      [
        82.54993543130352,
        111.87847232918595,
        43.62562064325128,
        157.82259176206776,
        270.129253780763,
        175.87212991133768,
        109.59958189148227,
        132.0710143610114,
        148.62049869657133,
        138.86597554058315,
        194.68048685722903,
        143.1551837385369,
        62.054746384231244,
        113.7847445080884
      ],
      [
        240.78049221682338,
        185.82886548784532,
        248.30221839058157,
        160.41420614628032,
        82.6879861467798,
        303.7686876412624,
        201.82881003950925,
        118.44479169770653,
        105.27517557243378,
        168.34466916571148,
        19.50159157815152,
        72.69555317821609,
        181.98190462062163,
        184.89128894665566
      ],
      [
        235.74340235150498,
        173.36587961436075,
        252.90082372254136,
        138.54083018072924,
        111.69601001839288,
        288.6805136113258,
        189.94954674816952,
        105.97611000011109,
        136.3255526788557,
        150.44849654639592,
        31.689924664966583,
        74.05458260355717,
        200.35239523408,
        172.05178361208587
      ],
      [
        155.58511764460397,
        92.61909118665771,
        179.72705533537143,
        67.47312615654076,
        177.3032708919392,
        209.40988296164898,
        109.11846296796826,
        24.95104611553218,
        132.33215299184718,
        73.20719727682582,
        75.6717857277423,
        36.63014773313532,
        152.48700526289116,
        91.40922729127655
      ],
      [
        240.7437934438321,
        186.30398602677425,
        247.6759396583177,
        161.50154916769094,
        81.5993069633702,
        304.31558549056797,
        202.24895920334154,
        119.05772615709091,
        103.22319360676876,
        169.1767835363129,
        20.410145496635547,
        72.71848647045867,
        180.59221486537493,
        185.39071725495853
      ],
      [
        17.864257652302467,
        56.35624097526532,
        68.54927536245023,
        111.15678224899939,
        298.14890619637595,
        102.12179973474196,
        44.41772743541073,
        113.25906207786132,
        197.8023714663492,
        89.70452700267639,
        205.04672103895288,
        150.51477021857335,
        133.803488790117,
        58.524157664787204
      ],
      [
        162.06773604608247,
        135.7786594106501,
        149.9611534727863,
        146.19729382238222,
        162.8597833966547,
        245.31289987096315,
        146.63711916784203,
        95.49893202888084,
        51.76355705646372,
        139.27896200252192,
        98.28098837991239,
        63.37778751500239,
        74.00102589595666,
        136.1632390551614
      ],
      [
        39.96246897452875,
        57.34104015296227,
        63.16464349400667,
        109.24869886006208,
        275.9333219400668,
        127.47913476412815,
        52.21460332936125,
        99.67259940383241,
        172.4936324396985,
        88.39955558961167,
        185.6162885351941,
        130.7810716439094,
        109.77251103262086,
        59.455398846153955
      ],
      [
        40.5595218367685,
        60.490330960211466,
        60.30268449482117,
        112.17221662336478,
        276.1526010436013,
        129.34292104431705,
        55.42686579785793,
        101.61894222477713,
        171.51869644304747,
        91.38953632384036,
        186.50809562490423,
        131.6775979541769,
        107.32587748695057,
        62.59760545231671
      ],
      [
        191.95712301036923,
        142.37547561894812,
        197.55274631821771,
        128.03353304840695,
        124.27107387117641,
        260.42044469918903,
        157.50956665101475,
        78.77335239646452,
        80.23370139845835,
        130.7374650553965,
        36.622203495815,
        27.04146177052126,
        136.21866967545898,
        141.77412787311374
      ],
      [
        29.803734061571227,
        81.90116881378928,
        38.65381472744386,
        135.77109303997491,
        299.60357355015424,
        122.92547247592844,
        72.71366777628273,
        128.3383295437733,
        189.35450799882722,
        114.50996030021773,
        212.14620190143856,
        157.40449801713103,
        113.63334054317271,
        84.09525526825287
      ],
      [
        153.8320497893835,
        129.02508505516795,
        141.89952392943766,
        141.81192892177398,
        170.73873591772607,
        237.5409609757286,
        139.45863887502094,
        91.96634165239678,
        59.35457810117247,
        133.92330606360986,
        103.18512970884747,
        64.35630953786037,
        69.25532226034767,
        129.49008154096308
      ],
      [
        29.158396563116323,
        81.82871598612878,
        38.92016740548801,
        135.76444690053438,
        300.15970041874647,
        122.25204501903488,
        72.51725553399086,
        128.60158897260564,
        190.01472718220762,
        114.48734839364835,
        212.6012981958135,
        157.8503354318824,
        114.33481826255664,
        84.02393251248739
      ],
      [
        51.16145461292879,
        57.38976658556843,
        67.74297938669305,
        106.30314619202308,
        264.9318860866578,
        137.4938483104292,
        55.50532832742915,
        91.87162141614621,
        161.515231587564,
        86.15437827609904,
        175.331940798716,
        120.51174956997247,
        101.8575844662918,
        59.349958205235005
      ],
      [
        179.12452307433855,
        141.90416481157993,
        174.30094789955777,
        141.2937975047244,
        138.59752262818677,
        256.73488286532233,
        154.96361489198864,
        89.21855691214608,
        52.17208686594607,
        138.57892829818874,
        70.05499078214423,
        44.66985339298555,
        102.50290423212601,
        141.84772737385393
      ],
      [
        64.90491448346162,
        101.06109388727933,
        32.08179659185513,
        150.2533266218854,
        280.79427885492174,
        158.12065980212208,
        96.69143252227651,
        130.1855996442288,
        162.73308521803523,
        130.29765558507188,
        200.87904643612427,
        147.72581307669532,
        79.6646256839412,
        103.09648308192331
      ],
      [
        99.67139477607843,
        92.39496225812815,
        88.62270087272866,
        125.16463751742639,
        224.6673341429443,
        187.67608665264925,
        97.71315642580501,
        88.8682587172605,
        112.47370915578422,
        109.96273385481226,
        145.26761534262778,
        93.63392217854924,
        60.15951546675863,
        93.63951618174428
      ],
      [
        233.26391866499225,
        172.34078074183677,
        248.59096364768524,
        139.7487647056732,
        107.34191866262044,
        288.5137879356443,
        188.84404311453576,
        104.56494234419121,
        128.39366779169717,
        150.65382962105474,
        23.802116261525548,
        69.29233293777074,
        193.7672303902884,
        171.10951596155016
      ],
      [
        153.8320497893835,
        129.02508505516795,
        141.89952392943766,
        141.81192892177398,
        170.73873591772607,
        237.5409609757286,
        139.45863887502094,
        91.96634165239678,
        59.35457810117247,
        133.92330606360986,
        103.18512970884747,
        64.35630953786037,
        69.25532226034767,
        129.49008154096308
      ],
      [
        234.0092584916181,
        173.10248090067603,
        249.27228619871636,
        140.4832484574192,
        106.72855339367358,
        289.2729836140963,
        189.6055434022711,
        105.32579978174232,
        128.5765389609379,
        151.40801010429647,
        24.036093425714498,
        69.9615696648012,
        194.263593758822,
        171.87129878403405
      ]
    ],
    "mill_to_homebase_km": [
      [
        72.79631558566805,
        60.17161416319093,
        108.66781589941147,
        129.69159675290754,
        232.53928123382488,
        33.28147633608896,
        129.69159675290754,
        129.69159675290754,
        240.2460079227353,
        20.980625405612898,
        72.79631558566805,
        252.35266820718047,
        26.80008402549839,
        36.321098039761125,
        90.0447383032015,
        232.53928123382488,
        20.980625405612898,
        172.50838524256866,
        233.64899631218108,
        5.0206296655291185,
        83.04001250806691,
        163.65418851806191,
        139.53345620541518,
        229.27107278468878,
        138.82276612218502,
        134.3311525609394,
        144.76835038568095
      ],
      [
        1.1229916608538464,
        15.117068802544216,
        141.55926985866108,
        58.506313473535194,
        170.30623787316173,
        61.408867487286244,
        58.506313473535194,
        58.506313473535194,
        180.35994620258842,
        86.40569305597465,
        1.1229916608538464,
        200.12074307740508,
        65.79272294903517,
        35.81391333878683,
        129.7662607612333,
        170.30623787316173,
        86.40569305597465,
        138.27647719997907,
        203.31061494563474,
        71.50864717754143,
        75.99742849143098,
        149.6748291758967,
        76.99920712662122,
        168.80153259699134,
        73.54852860851109,
        184.39066110812354,
        84.58894273021446
      ],
      [
        120.57364414950268,
        112.77335413814411,
        55.86933013973145,
        168.64718827886935,
        249.6710671158055,
        58.20522544128225,
        168.64718827886935,
        168.64718827886935,
        253.8255823765043,
        42.39528538039424,
        120.57364414950268,
        256.0773700368751,
        54.20213513742313,
        88.88754042214934,
        35.725510123616985,
        249.6710671158055,
        42.39528538039424,
        165.8693018460847,
        216.91632082445216,
        59.752175296642875,
        81.08976388857596,
        140.49700872444086,
        194.9222340062562,
        244.2379608365972,
        192.54318909557765,
        71.0040912646588,
        167.1567909363243
      ],
      [
        54.0381161522299,
        66.9047255441575,
        186.219781606931,
        21.310209960574518,
        135.89392934475853,
        114.46301084139026,
