{
  "metadata": {
    "instance_id": "W13",
    "week_dates": "2024-11-09|2024-11-13",
    "anonymized": true,
    "time_unit": "minutes",
    "distance_unit": "km",
    "volume_unit": "GMT"
  },
  "sets": {
    "forests": [
      "F1",
      "F2",
      "F3",
      "F4",
      "F5",
      "F6",
      "F7",
      "F8",
      "F9",
      "F10",
      "F11",
      "F12",
      "F13",
      "F14",
      "F15",
      "F16",
      "F17",
      "F18",
      "F19",
      "F20",
      "F21"
    ],
    "mills": [
      "M1",
      "M2",
      "M3",
      "M4",
      "M5",
      "M6",
      "M7",
      "M8",
      "M9",
      "M10",
      "M11",
      "M12",
      "M13",
      "M14",
      "M15",
      "M16"
    ],
    "products": [
      "P1",
      "P2",
      "P3"
    ],
    "vehicles": [
      "V1",
      "V2",
      "V3",
      "V4",
      "V5",
      "V6",
      "V7",
      "V8",
      "V9",
      "V10",
      "V11",
      "V12",
      "V13",
      "V14",
      "V15",
      "V16",
      "V17",
      "V18",
      "V19",
      "V20",
      "V21",
      "V22",
      "V23",
      "V24",
      "V25",
      "V26",
      "V27",
      "V28",
      "V29",
      "V30",
      "V31",
      "V32",
      "V33",
      "V34",
      "V35",
      "V36",
      "V37",
      "V38",
      "V39",
      "V40",
      "V41",
      "V42",
      "V43",
      "V44",
      "V45",
      "V46",
      "V47",
      "V48",
      "V49",
      "V50",
      "V51",
      "V52",
      "V53",
      "V54",
      "V55",
      "V56",
      "V57",
      "V58",
      "V59",
      "V60",
      "V61",
      "V62"
    ],
    "home_bases": [
      "HB1",
      "HB2",
      "HB3",
      "HB4",
      "HB5",
      "HB6",
      "HB7",
      "HB8",
      "HB9",
      "HB10",
      "HB11",
      "HB12",
      "HB13",
      "HB14",
      "HB15",
      "HB16",
      "HB17",
      "HB18",
      "HB19",
      "HB20",
      "HB21",
      "HB22",
      "HB23",
      "HB24",
      "HB25",
      "HB26"
    ]
  },
  "cardinalities": {
    "num_forests": 21,
    "num_mills": 16,
    "num_products": 3,
    "num_vehicles": 62,
    "num_home_bases": 26
  },
  "vehicles_info": [
    {
      "id": "V1",
      "capacity_GMT": 40,
      "self_loading": false
    },
    {
      "id": "V2",
      "capacity_GMT": 40,
      "self_loading": false
    },
    {
      "id": "V3",
      "capacity_GMT": 40,
      "self_loading": false
    },
    {
      "id": "V4",
      "capacity_GMT": 40,
      "self_loading": false
    },
    {
      "id": "V5",
      "capacity_GMT": 40,
      "self_loading": false
    },
    {
      "id": "V6",
      "capacity_GMT": 40,
      "self_loading": false
    },
    {
      "id": "V7",
      "capacity_GMT": 40,
      "self_loading": false
    },
    {
      "id": "V8",
      "capacity_GMT": 40,
      "self_loading": false
    },
    {
      "id": "V9",
      "capacity_GMT": 40,
      "self_loading": false
    },
    {
      "id": "V10",
      "capacity_GMT": 40,
      "self_loading": false
    },
    {
      "id": "V11",
      "capacity_GMT": 40,
      "self_loading": false
    },
    {
      "id": "V12",
      "capacity_GMT": 40,
      "self_loading": false
    },
    {
      "id": "V13",
      "capacity_GMT": 40,
      "self_loading": false
    },
    {
      "id": "V14",
      "capacity_GMT": 40,
      "self_loading": false
    },
    {
      "id": "V15",
      "capacity_GMT": 40,
      "self_loading": false
    },
    {
      "id": "V16",
      "capacity_GMT": 40,
      "self_loading": false
    },
    {
      "id": "V17",
      "capacity_GMT": 40,
      "self_loading": false
    },
    {
      "id": "V18",
      "capacity_GMT": 35,
      "self_loading": false
    },
    {
      "id": "V19",
      "capacity_GMT": 40,
      "self_loading": false
    },
    {
      "id": "V20",
      "capacity_GMT": 40,
      "self_loading": false
    },
    {
      "id": "V21",
      "capacity_GMT": 40,
      "self_loading": false
    },
    {
      "id": "V22",
      "capacity_GMT": 40,
      "self_loading": false
    },
    {
      "id": "V23",
      "capacity_GMT": 40,
      "self_loading": false
    },
    {
      "id": "V24",
      "capacity_GMT": 40,
      "self_loading": false
    },
    {
      "id": "V25",
      "capacity_GMT": 40,
      "self_loading": false
    },
    {
      "id": "V26",
      "capacity_GMT": 40,
      "self_loading": false
    },
    {
      "id": "V27",
      "capacity_GMT": 40,
      "self_loading": false
    },
    {
      "id": "V28",
      "capacity_GMT": 40,
      "self_loading": false
    },
    {
      "id": "V29",
      "capacity_GMT": 40,
      "self_loading": false
    },
    {
      "id": "V30",
      "capacity_GMT": 40,
      "self_loading": false
    },
    {
      "id": "V31",
      "capacity_GMT": 40,
      "self_loading": false
    },
    {
      "id": "V32",
      "capacity_GMT": 40,
      "self_loading": false
    },
    {
      "id": "V33",
      "capacity_GMT": 40,
      "self_loading": false
    },
    {
      "id": "V34",
      "capacity_GMT": 35,
      "self_loading": false
    },
    {
      "id": "V35",
      "capacity_GMT": 40,
      "self_loading": false
    },
    {
      "id": "V36",
      "capacity_GMT": 40,
      "self_loading": false
    },
    {
      "id": "V37",
      "capacity_GMT": 40,
      "self_loading": false
    },
    {
      "id": "V38",
      "capacity_GMT": 35,
      "self_loading": false
    },
    {
      "id": "V39",
      "capacity_GMT": 40,
      "self_loading": false
    },
    {
      "id": "V40",
      "capacity_GMT": 40,
      "self_loading": false
    },
    {
      "id": "V41",
      "capacity_GMT": 40,
      "self_loading": false
    },
    {
      "id": "V42",
      "capacity_GMT": 35,
      "self_loading": false
    },
    {
      "id": "V43",
      "capacity_GMT": 40,
      "self_loading": false
    },
    {
      "id": "V44",
      "capacity_GMT": 40,
      "self_loading": false
    },
    {
      "id": "V45",
      "capacity_GMT": 40,
      "self_loading": false
    },
    {
      "id": "V46",
      "capacity_GMT": 40,
      "self_loading": false
    },
    {
      "id": "V47",
      "capacity_GMT": 35,
      "self_loading": false
    },
    {
      "id": "V48",
      "capacity_GMT": 35,
      "self_loading": false
    },
    {
      "id": "V49",
      "capacity_GMT": 40,
      "self_loading": false
    },
    {
      "id": "V50",
      "capacity_GMT": 40,
      "self_loading": false
    },
    {
      "id": "V51",
      "capacity_GMT": 40,
      "self_loading": false
    },
    {
      "id": "V52",
      "capacity_GMT": 40,
      "self_loading": false
    },
    {
      "id": "V53",
      "capacity_GMT": 40,
      "self_loading": false
    },
    {
      "id": "V54",
      "capacity_GMT": 40,
      "self_loading": false
    },
    {
      "id": "V55",
      "capacity_GMT": 40,
      "self_loading": false
    },
    {
      "id": "V56",
      "capacity_GMT": 40,
      "self_loading": false
    },
    {
      "id": "V57",
      "capacity_GMT": 40,
      "self_loading": false
    },
    {
      "id": "V58",
      "capacity_GMT": 40,
      "self_loading": false
    },
    {
      "id": "V59",
      "capacity_GMT": 35,
      "self_loading": false
    },
    {
      "id": "V60",
      "capacity_GMT": 40,
      "self_loading": false
    },
    {
      "id": "V61",
      "capacity_GMT": 35,
      "self_loading": false
    },
    {
      "id": "V62",
      "capacity_GMT": 40,
      "self_loading": false
    }
  ],
  "home_bases_info": [
    {
      "id": "HB1",
      "vehicles": [
        "V1",
        "V21",
        "V32",
        "V36",
        "V39",
        "V48",
        "V56",
        "V57"
      ]
    },
    {
      "id": "HB2",
      "vehicles": [
        "V2",
        "V16",
        "V20",
        "V24",
        "V25",
        "V27",
        "V42",
        "V43",
        "V45",
        "V46",
        "V49",
        "V52",
        "V53",
        "V55"
      ]
    },
    {
      "id": "HB3",
      "vehicles": [
        "V3",
        "V4"
      ]
    },
    {
      "id": "HB4",
      "vehicles": [
        "V5",
        "V7",
        "V8",
        "V10"
      ]
    },
    {
      "id": "HB5",
      "vehicles": [
        "V6"
      ]
    },
    {
      "id": "HB6",
      "vehicles": [
        "V9",
        "V37"
      ]
    },
    {
      "id": "HB7",
      "vehicles": [
        "V11"
      ]
    },
    {
      "id": "HB8",
      "vehicles": [
        "V12",
        "V14",
        "V15",
        "V17",
        "V22"
      ]
    },
    {
      "id": "HB9",
      "vehicles": [
        "V13"
      ]
    },
    {
      "id": "HB10",
      "vehicles": [
        "V18"
      ]
    },
    {
      "id": "HB11",
      "vehicles": [
        "V19"
      ]
    },
    {
      "id": "HB12",
      "vehicles": [
        "V23"
      ]
    },
    {
      "id": "HB13",
      "vehicles": [
        "V26"
      ]
    },
    {
      "id": "HB14",
      "vehicles": [
        "V28"
      ]
    },
    {
      "id": "HB15",
      "vehicles": [
        "V29"
      ]
    },
    {
      "id": "HB16",
      "vehicles": [
        "V30",
        "V31"
      ]
    },
    {
      "id": "HB17",
      "vehicles": [
        "V33"
      ]
    },
    {
      "id": "HB18",
      "vehicles": [
        "V34"
      ]
    },
    {
      "id": "HB19",
      "vehicles": [
        "V35"
      ]
    },
    {
      "id": "HB20",
      "vehicles": [
        "V38",
        "V47"
      ]
    },
    {
      "id": "HB21",
      "vehicles": [
        "V40"
      ]
    },
    {
      "id": "HB22",
      "vehicles": [
        "V41"
      ]
    },
    {
      "id": "HB23",
      "vehicles": [
        "V44"
      ]
    },
    {
      "id": "HB24",
      "vehicles": [
        "V50",
        "V51"
      ]
    },
    {
      "id": "HB25",
      "vehicles": [
        "V54",
        "V59",
        "V60",
        "V61",
        "V62"
      ]
    },
    {
      "id": "HB26",
      "vehicles": [
        "V58"
      ]
    }
  ],
  "mills_info": [
    {
      "id": "M1",
      "interval_starts_min": [
        0,
        45,
        90,
        135,
        180,
        225,
        270,
        315,
        360,
        405,
        450,
        495,
        540,
        585,
        630,
        675,
        720,
        765,
        810,
        855,
        900,
        945,
        990,
        1035,
        1080,
        1125,
        1170,
        1215,
        1260,
        1305,
        1350,
        1395
      ],
      "interval_ends_min": [
        45,
        90,
        135,
        180,
        225,
        270,
        315,
        360,
        405,
        450,
        495,
        540,
        585,
        630,
        675,
        720,
        765,
        810,
        855,
        900,
        945,
        990,
        1035,
        1080,
        1125,
        1170,
        1215,
        1260,
        1305,
        1350,
        1395,
        1439
      ]
    },
    {
      "id": "M2",
      "interval_starts_min": [
        420,
        465,
        510,
        555,
        600,
        645,
        690,
        735,
        780,
        825,
        870,
        915,
        960,
        1005
      ],
      "interval_ends_min": [
        465,
        510,
        555,
        600,
        645,
        690,
        735,
        780,
        825,
        870,
        915,
        960,
        1005,
        1020
      ]
    },
    {
      "id": "M3",
      "interval_starts_min": [
        420,
        465,
        510,
        555,
        600,
        645,
        690,
        735,
        780,
        825,
        870,
        915,
        960,
        1005
      ],
      "interval_ends_min": [
        465,
        510,
        555,
        600,
        645,
        690,
        735,
        780,
        825,
        870,
        915,
        960,
        1005,
        1020
      ]
    },
    {
      "id": "M4",
      "interval_starts_min": [
        420,
        465,
        510,
        555,
        600,
        645,
        690,
        735,
        780,
        825,
        870,
        915,
        960,
        1005
      ],
      "interval_ends_min": [
        465,
        510,
        555,
        600,
        645,
        690,
        735,
        780,
        825,
        870,
        915,
        960,
        1005,
        1020
      ]
    },
    {
      "id": "M5",
      "interval_starts_min": [
        480,
        525,
        570,
        615,
        660,
        705,
        750,
        795,
        840,
        885,
        930,
        975
      ],
      "interval_ends_min": [
        525,
        570,
        615,
        660,
        705,
        750,
        795,
        840,
        885,
        930,
        975,
        1020
      ]
    },
    {
      "id": "M6",
      "interval_starts_min": [
        420,
        465,
        510,
        555,
        600,
        645,
        690,
        735,
        780,
        825,
        870,
        915,
        960,
        1005
      ],
      "interval_ends_min": [
        465,
        510,
        555,
        600,
        645,
        690,
        735,
        780,
        825,
        870,
        915,
        960,
        1005,
        1020
      ]
    },
    {
      "id": "M7",
      "interval_starts_min": [
        0,
        45,
        90,
        135,
        180,
        225,
        270,
        315,
        360,
        405,
        450,
        495,
        540,
        585,
        630,
        675,
        720,
        765,
        810,
        855,
        900,
        945,
        990,
        1035,
        1080,
        1125,
        1170,
        1215,
        1260,
        1305,
        1350,
        1395
      ],
      "interval_ends_min": [
        45,
        90,
        135,
        180,
        225,
        270,
        315,
        360,
        405,
        450,
        495,
        540,
        585,
        630,
        675,
        720,
        765,
        810,
        855,
        900,
        945,
        990,
        1035,
        1080,
        1125,
        1170,
        1215,
        1260,
        1305,
        1350,
        1395,
        1439
      ]
    },
    {
      "id": "M8",
      "interval_starts_min": [
        420,
        465,
        510,
        555,
        600,
        645,
        690,
        735,
        780,
        825,
        870,
        915
      ],
      "interval_ends_min": [
        465,
        510,
        555,
        600,
        645,
        690,
        735,
        780,
        825,
        870,
        915,
        960
      ]
    },
    {
      "id": "M9",
      "interval_starts_min": [
        360,
        405,
        450,
        495,
        540,
        585,
        630,
        675,
        720,
        765,
        810,
        855,
        900,
        945,
        990,
        1035
      ],
      "interval_ends_min": [
        405,
        450,
        495,
        540,
        585,
        630,
        675,
        720,
        765,
        810,
        855,
        900,
        945,
        990,
        1035,
        1080
      ]
    },
    {
      "id": "M10",
      "interval_starts_min": [
        480,
        525,
        570,
        615,
        660,
        705,
        750,
        795,
        840,
        885,
        930,
        975
      ],
      "interval_ends_min": [
        525,
        570,
        615,
        660,
        705,
        750,
        795,
        840,
        885,
        930,
        975,
        1020
      ]
    },
    {
      "id": "M11",
      "interval_starts_min": [
        480,
        525,
        570,
        615,
        660,
        705,
        750,
        795,
        840,
        885,
        930,
        975
      ],
      "interval_ends_min": [
        525,
        570,
        615,
        660,
        705,
        750,
        795,
        840,
        885,
        930,
        975,
        1020
      ]
    },
    {
      "id": "M12",
      "interval_starts_min": [
        480,
        525,
        570,
        615,
        660,
        705,
        750,
        795,
        840,
        885,
        930,
        975
      ],
      "interval_ends_min": [
        525,
        570,
        615,
        660,
        705,
        750,
        795,
        840,
        885,
        930,
        975,
        1020
      ]
    },
    {
      "id": "M13",
      "interval_starts_min": [
        420,
        465,
        510,
        555,
        600,
        645,
        690,
        735,
        780,
        825,
        870,
        915,
        960,
        1005
      ],
      "interval_ends_min": [
        465,
        510,
        555,
        600,
        645,
        690,
        735,
        780,
        825,
        870,
        915,
        960,
        1005,
        1020
      ]
    },
    {
      "id": "M14",
      "interval_starts_min": [
        420,
        465,
        510,
        555,
        600,
        645,
        690,
        735,
        780,
        825,
        870,
        915,
        960,
        1005
      ],
      "interval_ends_min": [
        465,
        510,
        555,
        600,
        645,
        690,
        735,
        780,
        825,
        870,
        915,
        960,
        1005,
        1020
      ]
    },
    {
      "id": "M15",
      "interval_starts_min": [
        420,
        465,
        510,
        555,
        600,
        645,
        690,
        735,
        780,
        825,
        870,
        915,
        960,
        1005
      ],
      "interval_ends_min": [
        465,
        510,
        555,
        600,
        645,
        690,
        735,
        780,
        825,
        870,
        915,
        960,
        1005,
        1020
      ]
    },
    {
      "id": "M16",
      "interval_starts_min": [
        540,
        585,
        630,
        675,
        720,
        765,
        810,
        855,
        900,
        945,
        990
      ],
      "interval_ends_min": [
        585,
        630,
        675,
        720,
        765,
        810,
        855,
        900,
        945,
        990,
        1020
      ]
    }
  ],
  "demand_d_mp": {
    "M1|P1": 2130,
    "M1|P2": 0,
    "M1|P3": 0,
    "M2|P1": 0,
    "M2|P2": 350,
    "M2|P3": 320,
    "M3|P1": 0,
    "M3|P2": 1060,
    "M3|P3": 0,
    "M4|P1": 0,
    "M4|P2": 310,
    "M4|P3": 820,
    "M5|P1": 140,
    "M5|P2": 0,
    "M5|P3": 0,
    "M6|P1": 260,
    "M6|P2": 0,
    "M6|P3": 270,
    "M7|P1": 1030,
    "M7|P2": 0,
    "M7|P3": 0,
    "M8|P1": 0,
    "M8|P2": 1340,
    "M8|P3": 0,
    "M9|P1": 460,
    "M9|P2": 0,
    "M9|P3": 0,
    "M10|P1": 300,
    "M10|P2": 0,
    "M10|P3": 0,
    "M11|P1": 230,
    "M11|P2": 0,
    "M11|P3": 0,
    "M12|P1": 0,
    "M12|P2": 0,
    "M12|P3": 360,
    "M13|P1": 140,
    "M13|P2": 0,
    "M13|P3": 0,
    "M14|P1": 0,
    "M14|P2": 0,
    "M14|P3": 60,
    "M15|P1": 20,
    "M15|P2": 0,
    "M15|P3": 0,
    "M16|P1": 30,
    "M16|P2": 0,
    "M16|P3": 0
  },
  "supply_s_fp": {
    "F1|P1": 30,
    "F1|P2": 0,
    "F1|P3": 0,
    "F2|P1": 290,
    "F2|P2": 350,
    "F2|P3": 140,
    "F3|P1": 290,
    "F3|P2": 450,
    "F3|P3": 0,
    "F4|P1": 140,
    "F4|P2": 310,
    "F4|P3": 440,
    "F5|P1": 230,
    "F5|P2": 130,
    "F5|P3": 140,
    "F6|P1": 800,
    "F6|P2": 390,
    "F6|P3": 440,
    "F7|P1": 320,
    "F7|P2": 370,
    "F7|P3": 0,
    "F8|P1": 240,
    "F8|P2": 0,
    "F8|P3": 0,
    "F9|P1": 470,
    "F9|P2": 0,
    "F9|P3": 60,
    "F10|P1": 240,
    "F10|P2": 760,
    "F10|P3": 0,
    "F11|P1": 250,
    "F11|P2": 80,
    "F11|P3": 30,
    "F12|P1": 390,
    "F12|P2": 0,
    "F12|P3": 360,
    "F13|P1": 150,
    "F13|P2": 0,
    "F13|P3": 0,
    "F14|P1": 90,
    "F14|P2": 130,
    "F14|P3": 0,
    "F15|P1": 20,
    "F15|P2": 0,
    "F15|P3": 0,
    "F16|P1": 60,
    "F16|P2": 0,
    "F16|P3": 180,
    "F17|P1": 90,
    "F17|P2": 0,
    "F17|P3": 0,
    "F18|P1": 110,
    "F18|P2": 0,
    "F18|P3": 0,
    "F19|P1": 150,
    "F19|P2": 0,
    "F19|P3": 0,
    "F20|P1": 0,
    "F20|P2": 40,
    "F20|P3": 40,
    "F21|P1": 380,
    "F21|P2": 50,
    "F21|P3": 0
  },
  "distance_matrices": {
    "mill_to_forest_km": [
      [
        103.18512970884747,
        98.28098837991239,
        175.331940798716,
        165.6172796751606,
        19.50159157815152,
        185.84703447191004,
        168.57637842890247,
        186.50809562490423,
        34.11355918248934,
        212.14620190143856,
        200.87904643612427,
        24.036093425714498,
        227.25981832902391,
        205.04672103895288,
        44.33055831898655,
        36.622203495815,
        103.18512970884747,
        218.35025230079506,
        144.2368736778263,
        20.410145496635547,
        31.689924664966583
      ],
      [
        59.35457810117247,
        51.76355705646372,
        161.515231587564,
        164.96094653829266,
        105.27517557243378,
        162.83258959469325,
        126.32780169239234,
        171.51869644304747,
        83.96715174344439,
        189.35450799882722,
        162.73308521803523,
        128.5765389609379,
        201.54937191529496,
        197.8023714663492,
        95.78662980251819,
        80.23370139845835,
        59.35457810117247,
        193.95392150186416,
        113.34355412709249,
        103.22319360676876,
        136.3255526788557
      ],
      [
        139.45863887502094,
        146.63711916784203,
        55.50532832742915,
        38.28875440374799,
        201.82881003950925,
        69.49443488967357,
        103.82243924217687,
        55.42686579785793,
        157.04380284211274,
        72.71366777628273,
        96.69143252227651,
        189.6055434022711,
        83.75397698575776,
        44.41772743541073,
        221.74412926171067,
        157.50956665101475,
        139.45863887502094,
        77.66629217061418,
        95.6288207323949,
        202.24895920334154,
        189.94954674816952
      ],
      [
        141.81192892177398,
        146.19729382238222,
        106.30314619202308,
        85.1695594165265,
        160.41420614628032,
        122.78915783778737,
        142.0482277570589,
        112.17221662336478,
        126.00592168558069,
        135.77109303997491,
        150.2533266218854,
        140.4832484574192,
        148.9559684162495,
        111.15678224899939,
        184.74827118259296,
        128.03353304840695,
        141.81192892177398,
        141.60558026549646,
        122.72735648058341,
        161.50154916769094,
        138.54083018072924
      ],
      [
        129.49008154096308,
        136.1632390551614,
        59.349958205235005,
        38.68141853045311,
        184.89128894665566,
        75.17721990751106,
        103.82145769163212,
        62.59760545231671,
        141.0830604200658,
        84.09525526825287,
        103.09648308192331,
        171.87129878403405,
        96.69130237103333,
        58.524157664787204,
        205.4522389965907,
        141.77412787311374,
        129.49008154096308,
        89.67944945952439,
        91.35546620472805,
        185.39071725495853,
        172.05178361208587
      ],
      [
        129.02508505516795,
        135.7786594106501,
        57.38976658556843,
        36.84676032822154,
        185.82886548784532,
        73.15045391794055,
        102.2082157619705,
        60.490330960211466,
        141.7400181295598,
        81.90116881378928,
        101.06109388727933,
        173.10248090067603,
        94.49368261340284,
        56.35624097526532,
        206.20844064634733,
        142.37547561894812,
        129.02508505516795,
        87.48155209382716,
        90.12829784248358,
        186.30398602677425,
        173.36587961436075
      ],
      [
        153.8320497893835,
        162.06773604608247,
        51.16145461292879,
        57.153694373711424,
        240.78049221682338,
        50.25729419049078,
        91.64325784273034,
        40.5595218367685,
        192.5131442270221,
        29.803734061571227,
        64.90491448346162,
        234.0092584916181,
        31.517148980013374,
        17.864257652302467,
        256.76550632951535,
        191.95712301036923,
        153.8320497893835,
        30.318570719526672,
        98.67739453707219,
        240.7437934438321,
        235.74340235150498
      ],
      [
        141.89952392943766,
        149.9611534727863,
        67.74297938669305,
        87.80895407559241,
        248.30221839058157,
        51.99263394378948,
        67.72950419713855,
        60.30268449482117,
        199.2769888562265,
        38.65381472744386,
        32.08179659185513,
        249.27228619871636,
        31.90227114915564,
        68.54927536245023,
        258.3757765792255,
        197.55274631821771,
        141.89952392943766,
        34.54456798361349,
        89.24652595828772,
        247.6759396583177,
        252.90082372254136
      ],
      [
        69.25532226034767,
        74.00102589595666,
        101.8575844662918,
        116.92946593223552,
        181.98190462062163,
        93.71426626966921,
        52.458071058517895,
        107.32587748695057,
        139.36887635589002,
        113.63334054317271,
        79.6646256839412,
        194.263593758822,
        121.3288993638919,
        133.803488790117,
        182.977782606868,
        136.21866967545898,
        69.25532226034767,
        116.03067066684743,
        62.5695181945062,
        180.59221486537493,
        200.35239523408
      ],
      [
        141.16352051551354,
        149.22754997932668,
        67.09493626701911,
        87.19880029837701,
        247.54912756528952,
        51.31537142323788,
        66.99417760054828,
        59.71150327187248,
        198.52415925751058,
        38.24674387859815,
        31.329153306106285,
        248.52546913480734,
        31.771480525556793,
        68.19156660851482,
        257.62581683508716,
        196.79967519235822,
        141.16352051551354,
        34.2279644690061,
        88.49403695909461,
        246.9228305022102,
        252.15706368653713
      ],
      [
        237.5409609757286,
        245.31289987096315,
        137.4938483104292,
        131.9909371848888,
        303.7686876412624,
        141.85102888478468,
        183.71579913256932,
        129.34292104431705,
        259.88781034685786,
        122.92547247592844,
        158.12065980212208,
        289.2729836140963,
        120.00333820627696,
        102.12179973474196,
        324.42760097802625,
        260.42044469918903,
        237.5409609757286,
        122.1986189754793,
        186.19155173796727,
        304.31558549056797,
        288.6805136113258
      ],
      [
        91.96634165239678,
        95.49893202888084,
        91.87162141614621,
        75.54807699031947,
        118.44479169770653,
        106.6917739919449,
        110.47016245352854,
        101.61894222477713,
        77.34803796469554,
        128.3383295437733,
        130.1855996442288,
        105.32579978174232,
        143.43846558885687,
        113.25906207786132,
        140.1074085046802,
        78.77335239646452,
        91.96634165239678,
        134.7613065163506,
        86.62114149955163,
        119.05772615709091,
        105.97611000011109
      ],
      [
        170.73873591772607,
        162.8597833966547,
        264.9318860866578,
        259.3977740782727,
        82.6879861467798,
        272.20494283389417,
        244.82644091239231,
        276.1526010436013,
        124.45576308049397,
        299.60357355015424,
        280.79427885492174,
        106.72855339367358,
        313.93278862407135,
        298.14890619637595,
        59.716601377498044,
        124.27107387117641,
        170.73873591772607,
        305.3249762695098,
        224.46727203803258,
        81.5993069633702,
        111.69601001839288
      ],
      [
        133.92330606360986,
        139.27896200252192,
        86.15437827609904,
        64.88176297787012,
        168.34466916571148,
        102.57772545240303,
        124.84760002480374,
        91.38953632384036,
        129.2671070189174,
        114.50996030021773,
        130.29765558507188,
        151.40801010429647,
        127.5599912046721,
        89.70452700267639,
        191.19954640625437,
        130.7374650553965,
        133.92330606360986,
        120.28679421635327,
        107.5340131900616,
        169.1767835363129,
        150.44849654639592
      ],
      [
        115.88794439572256,
        108.38131154258765,
        217.26900021767474,
        221.46421059497476,
        129.280462868368,
        217.506462894499,
        179.04858314536406,
        226.96937194663542,
        127.45677244809262,
        243.38602820229715,
        214.61854545967665,
        158.20824102391128,
        254.78327522398058,
        253.58207589186688,
        108.97710960505005,
        124.20267056554235,
        115.88794439572256,
        247.60784735154658,
        168.64736390743946,
        126.96807715898012,
        166.16259601513406
      ],
      [
        142.62478944906042,
        150.64423608559673,
        70.17643607714514,
        90.37072217795856,
        249.6094720172124,
        54.2984915313128,
        68.47481232249895,
        62.91972697661847,
        200.6388103036087,
        41.525943600890635,
        33.37040203927823,
        250.8828598853629,
        34.698134171805634,
        71.43904689841898,
        259.42286013862304,
        198.8711152931608,
        142.62478944906042,
        37.43670842962334,
        90.45440063289206,
        248.96005789259388,
        254.5784379791574
      ]
    ],
    "forest_to_mill_km": [
      [
        103.18512970884747,
        59.35457810117247,
        139.45863887502094,
        141.81192892177398,
        129.49008154096308,
        129.02508505516795,
        153.8320497893835,
        141.89952392943766,
        69.25532226034767,
        141.16352051551354,
        237.5409609757286,
        91.96634165239678,
        170.73873591772607,
        133.92330606360986,
        115.88794439572256,
        142.62478944906042
      ],
      [
        98.28098837991239,
        51.76355705646372,
        146.63711916784203,
        146.19729382238222,
        136.1632390551614,
        135.7786594106501,
        162.06773604608247,
        149.9611534727863,
        74.00102589595666,
        149.22754997932668,
        245.31289987096315,
        95.49893202888084,
        162.8597833966547,
        139.27896200252192,
        108.38131154258765,
        150.64423608559673
      ],
      [
        175.331940798716,
        161.515231587564,
        55.50532832742915,
        106.30314619202308,
        59.349958205235005,
        57.38976658556843,
        51.16145461292879,
        67.74297938669305,
        101.8575844662918,
        67.09493626701911,
        137.4938483104292,
        91.87162141614621,
        264.9318860866578,
        86.15437827609904,
        217.26900021767474,
        70.17643607714514
      ],
      [
        165.6172796751606,
        164.96094653829266,
        38.28875440374799,
        85.1695594165265,
        38.68141853045311,
        36.84676032822154,
        57.153694373711424,
        87.80895407559241,
        116.92946593223552,
        87.19880029837701,
        131.9909371848888,
        75.54807699031947,
        259.3977740782727,
        64.88176297787012,
        221.46421059497476,
        90.37072217795856
      ],
      [
        19.50159157815152,
        105.27517557243378,
        201.82881003950925,
        160.41420614628032,
        184.89128894665566,
        185.82886548784532,
        240.78049221682338,
        248.30221839058157,
        181.98190462062163,
        247.54912756528952,
        303.7686876412624,
        118.44479169770653,
        82.6879861467798,
        168.34466916571148,
        129.280462868368,
        249.6094720172124
      ],
      [
        185.84703447191004,
        162.83258959469325,
        69.49443488967357,
        122.78915783778737,
        75.17721990751106,
        73.15045391794055,
        50.25729419049078,
        51.99263394378948,
        93.71426626966921,
        51.31537142323788,
        141.85102888478468,
        106.6917739919449,
        272.20494283389417,
        102.57772545240303,
        217.506462894499,
        54.2984915313128
      ],
      [
        168.57637842890247,
        126.32780169239234,
        103.82243924217687,
        142.0482277570589,
        103.82145769163212,
        102.2082157619705,
        91.64325784273034,
        67.72950419713855,
        52.458071058517895,
        66.99417760054828,
        183.71579913256932,
        110.47016245352854,
        244.82644091239231,
        124.84760002480374,
        179.04858314536406,
        68.47481232249895
      ],
      [
        186.50809562490423,
        171.51869644304747,
        55.42686579785793,
        112.17221662336478,
        62.59760545231671,
        60.490330960211466,
        40.5595218367685,
        60.30268449482117,
        107.32587748695057,
        59.71150327187248,
        129.34292104431705,
        101.61894222477713,
        276.1526010436013,
        91.38953632384036,
        226.96937194663542,
        62.91972697661847
      ],
      [
        34.11355918248934,
        83.96715174344439,
        157.04380284211274,
        126.00592168558069,
        141.0830604200658,
        141.7400181295598,
        192.5131442270221,
        199.2769888562265,
        139.36887635589002,
        198.52415925751058,
        259.88781034685786,
        77.34803796469554,
        124.45576308049397,
        129.2671070189174,
        127.45677244809262,
        200.6388103036087
      ],
      [
        212.14620190143856,
        189.35450799882722,
        72.71366777628273,
        135.77109303997491,
        84.09525526825287,
        81.90116881378928,
        29.803734061571227,
        38.65381472744386,
        113.63334054317271,
        38.24674387859815,
        122.92547247592844,
        128.3383295437733,
        299.60357355015424,
        114.50996030021773,
        243.38602820229715,
        41.525943600890635
      ],
      [
        200.87904643612427,
        162.73308521803523,
        96.69143252227651,
        150.2533266218854,
        103.09648308192331,
        101.06109388727933,
        64.90491448346162,
        32.08179659185513,
        79.6646256839412,
        31.329153306106285,
        158.12065980212208,
        130.1855996442288,
        280.79427885492174,
        130.29765558507188,
        214.61854545967665,
        33.37040203927823
      ],
      [
        24.036093425714498,
        128.5765389609379,
        189.6055434022711,
        140.4832484574192,
        171.87129878403405,
        173.10248090067603,
        234.0092584916181,
        249.27228619871636,
        194.263593758822,
        248.52546913480734,
        289.2729836140963,
        105.32579978174232,
        106.72855339367358,
        151.40801010429647,
        158.20824102391128,
        250.8828598853629
      ],
      [
        227.25981832902391,
        201.54937191529496,
        83.75397698575776,
        148.9559684162495,
        96.69130237103333,
        94.49368261340284,
        31.517148980013374,
        31.90227114915564,
        121.3288993638919,
        31.771480525556793,
        120.00333820627696,
        143.43846558885687,
        313.93278862407135,
        127.5599912046721,
        254.78327522398058,
        34.698134171805634
      ],
      [
        205.04672103895288,
        197.8023714663492,
        44.41772743541073,
        111.15678224899939,
        58.524157664787204,
        56.35624097526532,
        17.864257652302467,
        68.54927536245023,
        133.803488790117,
        68.19156660851482,
        102.12179973474196,
        113.25906207786132,
        298.14890619637595,
        89.70452700267639,
        253.58207589186688,
        71.43904689841898
      ],
      [
        44.33055831898655,
        95.78662980251819,
        221.74412926171067,
        184.74827118259296,
        205.4522389965907,
        206.20844064634733,
        256.76550632951535,
        258.3757765792255,
        182.977782606868,
        257.62581683508716,
        324.42760097802625,
        140.1074085046802,
        59.716601377498044,
        191.19954640625437,
        108.97710960505005,
        259.42286013862304
      ],
      [
        36.622203495815,
        80.23370139845835,
        157.50956665101475,
        128.03353304840695,
        141.77412787311374,
        142.37547561894812,
        191.95712301036923,
        197.55274631821771,
        136.21866967545898,
        196.79967519235822,
        260.42044469918903,
        78.77335239646452,
        124.27107387117641,
        130.7374650553965,
        124.20267056554235,
        198.8711152931608
      ],
      [
        103.18512970884747,
        59.35457810117247,
        139.45863887502094,
        141.81192892177398,
        129.49008154096308,
        129.02508505516795,
        153.8320497893835,
        141.89952392943766,
        69.25532226034767,
        141.16352051551354,
        237.5409609757286,
        91.96634165239678,
        170.73873591772607,
        133.92330606360986,
        115.88794439572256,
        142.62478944906042
      ],
      [
        218.35025230079506,
        193.95392150186416,
        77.66629217061418,
        141.60558026549646,
        89.67944945952439,
        87.48155209382716,
        30.318570719526672,
        34.54456798361349,
        116.03067066684743,
        34.2279644690061,
        122.1986189754793,
        134.7613065163506,
        305.3249762695098,
        120.28679421635327,
        247.60784735154658,
        37.43670842962334
      ],
      [
        144.2368736778263,
        113.34355412709249,
        95.6288207323949,
        122.72735648058341,
        91.35546620472805,
        90.12829784248358,
        98.67739453707219,
        89.24652595828772,
        62.5695181945062,
        88.49403695909461,
        186.19155173796727,
        86.62114149955163,
        224.46727203803258,
        107.5340131900616,
        168.64736390743946,
        90.45440063289206
      ],
      [
        20.410145496635547,
        103.22319360676876,
        202.24895920334154,
        161.50154916769094,
        185.39071725495853,
        186.30398602677425,
        240.7437934438321,
        247.6759396583177,
        180.59221486537493,
        246.9228305022102,
        304.31558549056797,
        119.05772615709091,
        81.5993069633702,
        169.1767835363129,
        126.96807715898012,
        248.96005789259388
      ],
      [
        31.689924664966583,
        136.3255526788557,
        189.94954674816952,
        138.54083018072924,
        172.05178361208587,
        173.36587961436075,
        235.74340235150498,
        252.90082372254136,
        200.35239523408,
        252.15706368653713,
        288.6805136113258,
        105.97611000011109,
        111.69601001839288,
        150.44849654639592,
        166.16259601513406,
        254.5784379791574
      ]
    ],
    "mill_to_homebase_km": [
      [
        121.16454981143066,
        121.16454981143066,
        166.77440839650757,
        181.36748192125214,
        121.16454981143066,
        166.77440839650757,
        175.13900654208592,
        36.11636802283669,
        200.77754101204897,
        29.859669746896916,
        152.03216737608378,
        171.77417903023914,
        219.39926222954497,
        225.28943394586008,
        193.18169850899082,
        214.62513384889496,
        225.28943394586008,
        20.355484034812935,
        175.13900654208592,
        207.61893641121944,
        208.96577191803235,
